 94 5948.5 -5948.5
 2 3164.02 -3164.02
 45 -153.095 -153.095
 19 133.679 -133.679
 46 -124.677 -124.677
 44 95.1692 -95.1692
 41 -87.0812 -87.0812
 20 85.259 -85.259
 18 76.0372 -76.0372
 93 74.9142 -74.9142
 17 71.278 -71.278
 36 -70.1471 -70.1471
 40 -67.8837 -67.8837
 37 -66.6586 -66.6586
 112 66.3279 -66.3279
 16 63.4506 -63.4506
 42 -62.7137 -62.7137
 1 61.2244 -61.2244
 9 47.6613 -47.6613
 27 -45.8668 -45.8668
 33 -42.8448 -42.8448
 14 41.8247 -41.8247
 113 -41.3158 -41.3158
 96 -38.5161 -38.5161
 23 -34.5911 -34.5911
 29 -30.8506 -30.8506
 8 30.7479 -30.7479
 30 -30.6515 -30.6515
 34 -28.4422 -28.4422
 12 28.416 -28.416
 7 28.1974 -28.1974
 39 -27.4025 -27.4025
 25 -27.2955 -27.2955
 6 27.0581 -27.0581
 95 26.1198 -26.1198
 35 -25.3662 -25.3662
 24 -24.8747 -24.8747
 43 -24.8499 -24.8499
 123 24.0963 -24.0963
 3 20.5828 -20.5828
 32 -20.4065 -20.4065
 13 19.866 -19.866
 11 19.3649 -19.3649
 15 17.4927 -17.4927
 108 16.488 -16.488
 115 -14.6348 -14.6348
 99 14.1471 -14.1471
 109 13.7718 -13.7718
 128 -13.0366 -13.0366
 26 -12.9096 -12.9096
 10 -12.5324 -12.5324
 136 11.9229 -11.9229
 38 11.5615 -11.5615
 137 -10.1634 -10.1634
 100 -8.03712 -8.03712
 101 -6.92141 -6.92141
 105 6.76975 -6.76975
 98 6.32991 -6.32991
 114 -6.13073 -6.13073
 119 5.94571 -5.94571
 120 -5.77932 -5.77932
 4 5.52807 -5.52807
 21 5.47263 -5.47263
 129 -4.79154 -4.79154
 124 -4.41071 -4.41071
 111 4.35647 -4.35647
 31 4.09881 -4.09881
 107 3.94909 -3.94909
 125 3.80136 -3.80136
 106 -3.70861 -3.70861
 121 -3.45318 -3.45318
 116 3.1815 -3.1815
 97 3.0067 -3.0067
 28 -2.5567 -2.5567
 102 1.74031 -1.74031
 122 -1.66712 -1.66712
 135 -1.45147 -1.45147
 127 -1.27486 -1.27486
 118 -1.05814 -1.05814
 130 0.994703 -0.994703
 131 -0.865504 -0.865504
 103 0.748021 -0.748021
 22 -0.739585 -0.739585
 104 -0.721469 -0.721469
 110 0.679254 -0.679254
 126 -0.428874 -0.428874
 5 -0.371705 -0.371705
 138 0.307662 -0.307662
 132 -0.175842 -0.175842
 133 0.166817 -0.166817
 117 0.064427 -0.064427
 134 -0.0364492 -0.0364492
 55 0.023406 -0.023406
 81 0.020831 -0.020831
 52 -0.0203526 -0.0203526
 68 0.01911 -0.01911
 56 -0.0183994 -0.0183994
 66 -0.0165457 -0.0165457
 50 0.0161578 -0.0161578
 59 -0.0145806 -0.0145806
 79 -0.0143763 -0.0143763
 58 -0.0143379 -0.0143379
 82 0.0131041 -0.0131041
 80 0.0126447 -0.0126447
 86 0.0122642 -0.0122642
 87 -0.0121278 -0.0121278
 83 0.0117982 -0.0117982
 73 -0.011727 -0.011727
 57 0.0109659 -0.0109659
 53 0.0107608 -0.0107608
 54 -0.0104375 -0.0104375
 63 -0.009259 -0.009259
 64 0.00791471 -0.00791471
 75 -0.0078914 -0.0078914
 62 -0.00755599 -0.00755599
 74 0.00746409 -0.00746409
 76 0.00717805 -0.00717805
 51 -0.00690849 -0.00690849
 60 -0.00624455 -0.00624455
 71 -0.00450983 -0.00450983
 61 -0.0044175 -0.0044175
 88 0.00402734 -0.00402734
 72 0.00347513 -0.00347513
 91 0.00321164 -0.00321164
 84 -0.00263046 -0.00263046
 49 -0.00261589 -0.00261589
 77 0.00259066 -0.00259066
 70 -0.00213858 -0.00213858
 89 0.00171326 -0.00171326
 92 -0.00156687 -0.00156687
 90 -0.00151701 -0.00151701
 65 -0.00150962 -0.00150962
 78 0.0013134 -0.0013134
 69 0.00120013 -0.00120013
 67 0.000927523 -0.000927523
 171 -0.000840151 -0.000840151
 154 -0.000722041 -0.000722041
 177 0.000661227 -0.000661227
 166 0.000658442 -0.000658442
 47 -0.000593322 -0.000593322
 168 0.000520928 -0.000520928
 146 0.000478907 -0.000478907
 151 -0.000452087 -0.000452087
 162 -0.000359096 -0.000359096
 145 -0.000351756 -0.000351756
 173 0.000344945 -0.000344945
 179 -0.000339831 -0.000339831
 172 0.000279431 -0.000279431
 178 0.00027373 -0.00027373
 155 -0.000249213 -0.000249213
 165 -0.000184307 -0.000184307
 167 0.0001832 -0.0001832
 48 -0.000147379 -0.000147379
 152 0.000143252 -0.000143252
 85 -0.000122139 -0.000122139
 144 -0.000119368 -0.000119368
 157 -0.000108801 -0.000108801
 142 0.000103414 -0.000103414
 149 -8.60197e-05 -8.60197e-05
 148 -8.01751e-05 -8.01751e-05
 180 7.4927e-05 -7.4927e-05
 143 -6.97747e-05 -6.97747e-05
 141 -6.58776e-05 -6.58776e-05
 174 6.3416e-05 -6.3416e-05
 147 6.19093e-05 -6.19093e-05
 158 -6.09579e-05 -6.09579e-05
 175 5.49492e-05 -5.49492e-05
 161 5.43676e-05 -5.43676e-05
 150 3.98935e-05 -3.98935e-05
 153 -3.86378e-05 -3.86378e-05
 182 -3.12224e-05 -3.12224e-05
 156 -2.9245e-05 -2.9245e-05
 169 -2.86612e-05 -2.86612e-05
 181 2.50917e-05 -2.50917e-05
 164 2.28925e-05 -2.28925e-05
 159 2.22766e-05 -2.22766e-05
 176 -1.84561e-05 -1.84561e-05
 183 1.80004e-05 -1.80004e-05
 163 -1.13928e-05 -1.13928e-05
 170 1.02779e-05 -1.02779e-05
 160 8.77186e-06 -8.77186e-06
 139 -7.78372e-06 -7.78372e-06
 184 -7.22055e-06 -7.22055e-06
 140 -3.4719e-06 -3.4719e-06
