#V3.30
#C North Sea/Skagerrak/Eastern Channel Cod
#
1 #_styr
100 #_endyr
1 #_nseas
12 #_months_per_seas
2 #_Nsubseasons
1 #_spawn_month
1 #_Nsexes
30 #_Nages
1 #_N_areas
3 #_Nfleets
#_fleetinfo
#_type	surveytiming	area	units	need_catch_mult	fleetname
1	-1	1	1	1	Commercial  	#_1
3	 1	1	2	0	Survey      	#_2
1	-1	1	1	0	Recreational	#_3
#_Catch data
#_year	season	fleet	catch	catch_se
 -999	1	1	0	 0.01	#_1         
    1	1	1	1	0.005	#_2         
    2	1	1	0	 0.01	#_3         
    3	1	1	0	 0.01	#_4         
    4	1	1	0	 0.01	#_5         
    5	1	1	1	 0.01	#_6         
    6	1	1	1	 0.01	#_7         
    7	1	1	1	 0.01	#_8         
    8	1	1	1	 0.01	#_9         
    9	1	1	1	 0.01	#_10        
   10	1	1	1	 0.01	#_11        
   11	1	1	1	 0.01	#_12        
   12	1	1	1	 0.01	#_13        
   13	1	1	1	 0.01	#_14        
   14	1	1	1	 0.01	#_15        
   15	1	1	1	 0.01	#_16        
   16	1	1	1	 0.01	#_17        
   17	1	1	1	 0.01	#_18        
   18	1	1	1	 0.01	#_19        
   19	1	1	1	 0.01	#_20        
   20	1	1	1	 0.01	#_21        
   21	1	1	1	 0.01	#_22        
   22	1	1	1	 0.01	#_23        
   23	1	1	1	 0.01	#_24        
   24	1	1	1	 0.01	#_25        
   25	1	1	1	 0.01	#_26        
   26	1	1	1	 0.01	#_27        
   27	1	1	1	 0.01	#_28        
   28	1	1	1	 0.01	#_29        
   29	1	1	1	 0.01	#_30        
   30	1	1	1	 0.01	#_31        
   31	1	1	1	 0.01	#_32        
   32	1	1	1	 0.01	#_33        
   33	1	1	1	 0.01	#_34        
   34	1	1	1	 0.01	#_35        
   35	1	1	1	 0.01	#_36        
   36	1	1	1	 0.01	#_37        
   37	1	1	1	 0.01	#_38        
   38	1	1	1	 0.01	#_39        
   39	1	1	1	 0.01	#_40        
   40	1	1	1	 0.01	#_41        
   41	1	1	1	 0.01	#_42        
   42	1	1	1	 0.01	#_43        
   43	1	1	1	 0.01	#_44        
   44	1	1	1	 0.01	#_45        
   45	1	1	1	 0.01	#_46        
   46	1	1	1	 0.01	#_47        
   47	1	1	1	 0.01	#_48        
   48	1	1	1	 0.01	#_49        
   49	1	1	1	 0.01	#_50        
   50	1	1	1	 0.01	#_51        
   51	1	1	1	 0.01	#_52        
   52	1	1	1	 0.01	#_53        
   53	1	1	1	 0.01	#_54        
   54	1	1	1	 0.01	#_55        
   55	1	1	1	 0.01	#_56        
   56	1	1	1	 0.01	#_57        
   57	1	1	1	 0.01	#_58        
   58	1	1	1	 0.01	#_59        
   59	1	1	1	 0.01	#_60        
   60	1	1	1	 0.01	#_61        
   61	1	1	1	 0.01	#_62        
   62	1	1	1	 0.01	#_63        
   63	1	1	1	 0.01	#_64        
   64	1	1	1	 0.01	#_65        
   65	1	1	1	 0.01	#_66        
   66	1	1	1	 0.01	#_67        
   67	1	1	1	 0.01	#_68        
   68	1	1	1	 0.01	#_69        
   69	1	1	1	 0.01	#_70        
   70	1	1	1	 0.01	#_71        
   71	1	1	1	 0.01	#_72        
   72	1	1	1	 0.01	#_73        
   73	1	1	1	 0.01	#_74        
   74	1	1	1	 0.01	#_75        
   75	1	1	1	 0.01	#_76        
   76	1	1	1	 0.01	#_77        
   77	1	1	1	 0.01	#_78        
   78	1	1	1	 0.01	#_79        
   79	1	1	1	 0.01	#_80        
   80	1	1	1	 0.01	#_81        
   81	1	1	1	 0.01	#_82        
   82	1	1	1	 0.01	#_83        
   83	1	1	1	 0.01	#_84        
   84	1	1	1	 0.01	#_85        
   85	1	1	1	 0.01	#_86        
   86	1	1	1	 0.01	#_87        
   87	1	1	1	 0.01	#_88        
   88	1	1	1	 0.01	#_89        
   89	1	1	1	 0.01	#_90        
   90	1	1	1	 0.01	#_91        
   91	1	1	1	 0.01	#_92        
   92	1	1	1	 0.01	#_93        
   93	1	1	1	 0.01	#_94        
   94	1	1	1	 0.01	#_95        
   95	1	1	1	 0.01	#_96        
   96	1	1	1	 0.01	#_97        
   97	1	1	1	 0.01	#_98        
   98	1	1	1	 0.01	#_99        
   99	1	1	1	 0.01	#_100       
  100	1	1	1	 0.01	#_101       
 -999	1	3	0	 0.01	#_102       
    1	1	3	1	0.005	#_103       
    2	1	3	0	 0.01	#_104       
    3	1	3	0	 0.01	#_105       
    4	1	3	0	 0.01	#_106       
    5	1	3	1	 0.01	#_107       
    6	1	3	1	 0.01	#_108       
    7	1	3	1	 0.01	#_109       
    8	1	3	1	 0.01	#_110       
    9	1	3	1	 0.01	#_111       
   10	1	3	1	 0.01	#_112       
   11	1	3	1	 0.01	#_113       
   12	1	3	1	 0.01	#_114       
   13	1	3	1	 0.01	#_115       
   14	1	3	1	 0.01	#_116       
   15	1	3	1	 0.01	#_117       
   16	1	3	1	 0.01	#_118       
   17	1	3	1	 0.01	#_119       
   18	1	3	1	 0.01	#_120       
   19	1	3	1	 0.01	#_121       
   20	1	3	1	 0.01	#_122       
   21	1	3	1	 0.01	#_123       
   22	1	3	1	 0.01	#_124       
   23	1	3	1	 0.01	#_125       
   24	1	3	1	 0.01	#_126       
   25	1	3	1	 0.01	#_127       
   26	1	3	1	 0.01	#_128       
   27	1	3	1	 0.01	#_129       
   28	1	3	1	 0.01	#_130       
   29	1	3	1	 0.01	#_131       
   30	1	3	1	 0.01	#_132       
   31	1	3	1	 0.01	#_133       
   32	1	3	1	 0.01	#_134       
   33	1	3	1	 0.01	#_135       
   34	1	3	1	 0.01	#_136       
   35	1	3	1	 0.01	#_137       
   36	1	3	1	 0.01	#_138       
   37	1	3	1	 0.01	#_139       
   38	1	3	1	 0.01	#_140       
   39	1	3	1	 0.01	#_141       
   40	1	3	1	 0.01	#_142       
   41	1	3	1	 0.01	#_143       
   42	1	3	1	 0.01	#_144       
   43	1	3	1	 0.01	#_145       
   44	1	3	1	 0.01	#_146       
   45	1	3	1	 0.01	#_147       
   46	1	3	1	 0.01	#_148       
   47	1	3	1	 0.01	#_149       
   48	1	3	1	 0.01	#_150       
   49	1	3	1	 0.01	#_151       
   50	1	3	1	 0.01	#_152       
   51	1	3	1	 0.01	#_153       
   52	1	3	1	 0.01	#_154       
   53	1	3	1	 0.01	#_155       
   54	1	3	1	 0.01	#_156       
   55	1	3	1	 0.01	#_157       
   56	1	3	1	 0.01	#_158       
   57	1	3	1	 0.01	#_159       
   58	1	3	1	 0.01	#_160       
   59	1	3	1	 0.01	#_161       
   60	1	3	1	 0.01	#_162       
   61	1	3	1	 0.01	#_163       
   62	1	3	1	 0.01	#_164       
   63	1	3	1	 0.01	#_165       
   64	1	3	1	 0.01	#_166       
   65	1	3	1	 0.01	#_167       
   66	1	3	1	 0.01	#_168       
   67	1	3	1	 0.01	#_169       
   68	1	3	1	 0.01	#_170       
   69	1	3	1	 0.01	#_171       
   70	1	3	1	 0.01	#_172       
   71	1	3	1	 0.01	#_173       
   72	1	3	1	 0.01	#_174       
   73	1	3	1	 0.01	#_175       
   74	1	3	1	 0.01	#_176       
   75	1	3	1	 0.01	#_177       
   76	1	3	1	 0.01	#_178       
   77	1	3	1	 0.01	#_179       
   78	1	3	1	 0.01	#_180       
   79	1	3	1	 0.01	#_181       
   80	1	3	1	 0.01	#_182       
   81	1	3	1	 0.01	#_183       
   82	1	3	1	 0.01	#_184       
   83	1	3	1	 0.01	#_185       
   84	1	3	1	 0.01	#_186       
   85	1	3	1	 0.01	#_187       
   86	1	3	1	 0.01	#_188       
   87	1	3	1	 0.01	#_189       
   88	1	3	1	 0.01	#_190       
   89	1	3	1	 0.01	#_191       
   90	1	3	1	 0.01	#_192       
   91	1	3	1	 0.01	#_193       
   92	1	3	1	 0.01	#_194       
   93	1	3	1	 0.01	#_195       
   94	1	3	1	 0.01	#_196       
   95	1	3	1	 0.01	#_197       
   96	1	3	1	 0.01	#_198       
   97	1	3	1	 0.01	#_199       
   98	1	3	1	 0.01	#_200       
   99	1	3	1	 0.01	#_201       
  100	1	3	1	 0.01	#_202       
-9999	0	0	0	    0	#_terminator
#_CPUE_and_surveyabundance_observations
#_Units:  0=numbers; 1=biomass; 2=F; >=30 for special types
#_Errtype:  -1=normal; 0=lognormal; >0=T
#_SD_Report: 0=no sdreport; 1=enable sdreport
#_Fleet	Units	Errtype	SD_Report
1	1	0	0	#_Commercial  
2	1	0	0	#_Survey      
3	1	0	0	#_Recreational
#
#_CPUE_data
#_year	seas	index	obs	se_log
    1	7	1	1	0.2	#_1         
    2	7	1	1	0.2	#_2         
    3	7	1	1	0.2	#_3         
    4	7	1	1	0.2	#_4         
    5	7	1	1	0.2	#_5         
    6	7	1	1	0.2	#_6         
    7	7	1	1	0.2	#_7         
    8	7	1	1	0.2	#_8         
    9	7	1	1	0.2	#_9         
   10	7	1	1	0.2	#_10        
   11	7	1	1	0.2	#_11        
   12	7	1	1	0.2	#_12        
   13	7	1	1	0.2	#_13        
   14	7	1	1	0.2	#_14        
   15	7	1	1	0.2	#_15        
   16	7	1	1	0.2	#_16        
   17	7	1	1	0.2	#_17        
   18	7	1	1	0.2	#_18        
   19	7	1	1	0.2	#_19        
   20	7	1	1	0.2	#_20        
   21	7	1	1	0.2	#_21        
   22	7	1	1	0.2	#_22        
   23	7	1	1	0.2	#_23        
   24	7	1	1	0.2	#_24        
   25	7	1	1	0.2	#_25        
   26	7	1	1	0.2	#_26        
   27	7	1	1	0.2	#_27        
   28	7	1	1	0.2	#_28        
   29	7	1	1	0.2	#_29        
   30	7	1	1	0.2	#_30        
   31	7	1	1	0.2	#_31        
   32	7	1	1	0.2	#_32        
   33	7	1	1	0.2	#_33        
   34	7	1	1	0.2	#_34        
   35	7	1	1	0.2	#_35        
   36	7	1	1	0.2	#_36        
   37	7	1	1	0.2	#_37        
   38	7	1	1	0.2	#_38        
   39	7	1	1	0.2	#_39        
   40	7	1	1	0.2	#_40        
   41	7	1	1	0.2	#_41        
   42	7	1	1	0.2	#_42        
   43	7	1	1	0.2	#_43        
   44	7	1	1	0.2	#_44        
   45	7	1	1	0.2	#_45        
   46	7	1	1	0.2	#_46        
   47	7	1	1	0.2	#_47        
   48	7	1	1	0.2	#_48        
   49	7	1	1	0.2	#_49        
   50	7	1	1	0.2	#_50        
   51	7	1	1	0.2	#_51        
   52	7	1	1	0.2	#_52        
   53	7	1	1	0.2	#_53        
   54	7	1	1	0.2	#_54        
   55	7	1	1	0.2	#_55        
   56	7	1	1	0.2	#_56        
   57	7	1	1	0.2	#_57        
   58	7	1	1	0.2	#_58        
   59	7	1	1	0.2	#_59        
   60	7	1	1	0.2	#_60        
   61	7	1	1	0.2	#_61        
   62	7	1	1	0.2	#_62        
   63	7	1	1	0.2	#_63        
   64	7	1	1	0.2	#_64        
   65	7	1	1	0.2	#_65        
   66	7	1	1	0.2	#_66        
   67	7	1	1	0.2	#_67        
   68	7	1	1	0.2	#_68        
   69	7	1	1	0.2	#_69        
   70	7	1	1	0.2	#_70        
   71	7	1	1	0.2	#_71        
   72	7	1	1	0.2	#_72        
   73	7	1	1	0.2	#_73        
   74	7	1	1	0.2	#_74        
   75	7	1	1	0.2	#_75        
   76	7	1	1	0.2	#_76        
   77	7	1	1	0.2	#_77        
   78	7	1	1	0.2	#_78        
   79	7	1	1	0.2	#_79        
   80	7	1	1	0.2	#_80        
   81	7	1	1	0.2	#_81        
   82	7	1	1	0.2	#_82        
   83	7	1	1	0.2	#_83        
   84	7	1	1	0.2	#_84        
   85	7	1	1	0.2	#_85        
   86	7	1	1	0.2	#_86        
   87	7	1	1	0.2	#_87        
   88	7	1	1	0.2	#_88        
   89	7	1	1	0.2	#_89        
   90	7	1	1	0.2	#_90        
   91	7	1	1	0.2	#_91        
   92	7	1	1	0.2	#_92        
   93	7	1	1	0.2	#_93        
   94	7	1	1	0.2	#_94        
   95	7	1	1	0.2	#_95        
   96	7	1	1	0.2	#_96        
   97	7	1	1	0.2	#_97        
   98	7	1	1	0.2	#_98        
   99	7	1	1	0.2	#_99        
  100	7	1	1	0.2	#_100       
    1	1	2	1	0.2	#_101       
    2	1	2	1	0.2	#_102       
    3	1	2	1	0.2	#_103       
    4	1	2	1	0.2	#_104       
    5	1	2	1	0.2	#_105       
    6	1	2	1	0.2	#_106       
    7	1	2	1	0.2	#_107       
    8	1	2	1	0.2	#_108       
    9	1	2	1	0.2	#_109       
   10	1	2	1	0.2	#_110       
   11	1	2	1	0.2	#_111       
   12	1	2	1	0.2	#_112       
   13	1	2	1	0.2	#_113       
   14	1	2	1	0.2	#_114       
   15	1	2	1	0.2	#_115       
   16	1	2	1	0.2	#_116       
   17	1	2	1	0.2	#_117       
   18	1	2	1	0.2	#_118       
   19	1	2	1	0.2	#_119       
   20	1	2	1	0.2	#_120       
   21	1	2	1	0.2	#_121       
   22	1	2	1	0.2	#_122       
   23	1	2	1	0.2	#_123       
   24	1	2	1	0.2	#_124       
   25	1	2	1	0.2	#_125       
   26	1	2	1	0.2	#_126       
   27	1	2	1	0.2	#_127       
   28	1	2	1	0.2	#_128       
   29	1	2	1	0.2	#_129       
   30	1	2	1	0.2	#_130       
   31	1	2	1	0.2	#_131       
   32	1	2	1	0.2	#_132       
   33	1	2	1	0.2	#_133       
   34	1	2	1	0.2	#_134       
   35	1	2	1	0.2	#_135       
   36	1	2	1	0.2	#_136       
   37	1	2	1	0.2	#_137       
   38	1	2	1	0.2	#_138       
   39	1	2	1	0.2	#_139       
   40	1	2	1	0.2	#_140       
   41	1	2	1	0.2	#_141       
   42	1	2	1	0.2	#_142       
   43	1	2	1	0.2	#_143       
   44	1	2	1	0.2	#_144       
   45	1	2	1	0.2	#_145       
   46	1	2	1	0.2	#_146       
   47	1	2	1	0.2	#_147       
   48	1	2	1	0.2	#_148       
   49	1	2	1	0.2	#_149       
   50	1	2	1	0.2	#_150       
   51	1	2	1	0.2	#_151       
   52	1	2	1	0.2	#_152       
   53	1	2	1	0.2	#_153       
   54	1	2	1	0.2	#_154       
   55	1	2	1	0.2	#_155       
   56	1	2	1	0.2	#_156       
   57	1	2	1	0.2	#_157       
   58	1	2	1	0.2	#_158       
   59	1	2	1	0.2	#_159       
   60	1	2	1	0.2	#_160       
   61	1	2	1	0.2	#_161       
   62	1	2	1	0.2	#_162       
   63	1	2	1	0.2	#_163       
   64	1	2	1	0.2	#_164       
   65	1	2	1	0.2	#_165       
   66	1	2	1	0.2	#_166       
   67	1	2	1	0.2	#_167       
   68	1	2	1	0.2	#_168       
   69	1	2	1	0.2	#_169       
   70	1	2	1	0.2	#_170       
   71	1	2	1	0.2	#_171       
   72	1	2	1	0.2	#_172       
   73	1	2	1	0.2	#_173       
   74	1	2	1	0.2	#_174       
   75	1	2	1	0.2	#_175       
   76	1	2	1	0.2	#_176       
   77	1	2	1	0.2	#_177       
   78	1	2	1	0.2	#_178       
   79	1	2	1	0.2	#_179       
   80	1	2	1	0.2	#_180       
   81	1	2	1	0.2	#_181       
   82	1	2	1	0.2	#_182       
   83	1	2	1	0.2	#_183       
   84	1	2	1	0.2	#_184       
   85	1	2	1	0.2	#_185       
   86	1	2	1	0.2	#_186       
   87	1	2	1	0.2	#_187       
   88	1	2	1	0.2	#_188       
   89	1	2	1	0.2	#_189       
   90	1	2	1	0.2	#_190       
   91	1	2	1	0.2	#_191       
   92	1	2	1	0.2	#_192       
   93	1	2	1	0.2	#_193       
   94	1	2	1	0.2	#_194       
   95	1	2	1	0.2	#_195       
   96	1	2	1	0.2	#_196       
   97	1	2	1	0.2	#_197       
   98	1	2	1	0.2	#_198       
   99	1	2	1	0.2	#_199       
  100	1	2	1	0.2	#_200       
    1	7	3	1	0.2	#_201       
    2	7	3	1	0.2	#_202       
    3	7	3	1	0.2	#_203       
    4	7	3	1	0.2	#_204       
    5	7	3	1	0.2	#_205       
    6	7	3	1	0.2	#_206       
    7	7	3	1	0.2	#_207       
    8	7	3	1	0.2	#_208       
    9	7	3	1	0.2	#_209       
   10	7	3	1	0.2	#_210       
   11	7	3	1	0.2	#_211       
   12	7	3	1	0.2	#_212       
   13	7	3	1	0.2	#_213       
   14	7	3	1	0.2	#_214       
   15	7	3	1	0.2	#_215       
   16	7	3	1	0.2	#_216       
   17	7	3	1	0.2	#_217       
   18	7	3	1	0.2	#_218       
   19	7	3	1	0.2	#_219       
   20	7	3	1	0.2	#_220       
   21	7	3	1	0.2	#_221       
   22	7	3	1	0.2	#_222       
   23	7	3	1	0.2	#_223       
   24	7	3	1	0.2	#_224       
   25	7	3	1	0.2	#_225       
   26	7	3	1	0.2	#_226       
   27	7	3	1	0.2	#_227       
   28	7	3	1	0.2	#_228       
   29	7	3	1	0.2	#_229       
   30	7	3	1	0.2	#_230       
   31	7	3	1	0.2	#_231       
   32	7	3	1	0.2	#_232       
   33	7	3	1	0.2	#_233       
   34	7	3	1	0.2	#_234       
   35	7	3	1	0.2	#_235       
   36	7	3	1	0.2	#_236       
   37	7	3	1	0.2	#_237       
   38	7	3	1	0.2	#_238       
   39	7	3	1	0.2	#_239       
   40	7	3	1	0.2	#_240       
   41	7	3	1	0.2	#_241       
   42	7	3	1	0.2	#_242       
   43	7	3	1	0.2	#_243       
   44	7	3	1	0.2	#_244       
   45	7	3	1	0.2	#_245       
   46	7	3	1	0.2	#_246       
   47	7	3	1	0.2	#_247       
   48	7	3	1	0.2	#_248       
   49	7	3	1	0.2	#_249       
   50	7	3	1	0.2	#_250       
   51	7	3	1	0.2	#_251       
   52	7	3	1	0.2	#_252       
   53	7	3	1	0.2	#_253       
   54	7	3	1	0.2	#_254       
   55	7	3	1	0.2	#_255       
   56	7	3	1	0.2	#_256       
   57	7	3	1	0.2	#_257       
   58	7	3	1	0.2	#_258       
   59	7	3	1	0.2	#_259       
   60	7	3	1	0.2	#_260       
   61	7	3	1	0.2	#_261       
   62	7	3	1	0.2	#_262       
   63	7	3	1	0.2	#_263       
   64	7	3	1	0.2	#_264       
   65	7	3	1	0.2	#_265       
   66	7	3	1	0.2	#_266       
   67	7	3	1	0.2	#_267       
   68	7	3	1	0.2	#_268       
   69	7	3	1	0.2	#_269       
   70	7	3	1	0.2	#_270       
   71	7	3	1	0.2	#_271       
   72	7	3	1	0.2	#_272       
   73	7	3	1	0.2	#_273       
   74	7	3	1	0.2	#_274       
   75	7	3	1	0.2	#_275       
   76	7	3	1	0.2	#_276       
   77	7	3	1	0.2	#_277       
   78	7	3	1	0.2	#_278       
   79	7	3	1	0.2	#_279       
   80	7	3	1	0.2	#_280       
   81	7	3	1	0.2	#_281       
   82	7	3	1	0.2	#_282       
   83	7	3	1	0.2	#_283       
   84	7	3	1	0.2	#_284       
   85	7	3	1	0.2	#_285       
   86	7	3	1	0.2	#_286       
   87	7	3	1	0.2	#_287       
   88	7	3	1	0.2	#_288       
   89	7	3	1	0.2	#_289       
   90	7	3	1	0.2	#_290       
   91	7	3	1	0.2	#_291       
   92	7	3	1	0.2	#_292       
   93	7	3	1	0.2	#_293       
   94	7	3	1	0.2	#_294       
   95	7	3	1	0.2	#_295       
   96	7	3	1	0.2	#_296       
   97	7	3	1	0.2	#_297       
   98	7	3	1	0.2	#_298       
   99	7	3	1	0.2	#_299       
  100	7	3	1	0.2	#_300       
-9999	0	0	0	  0	#_terminator
0 #_N_discard_fleets
#_discard_units (1=same_as_catchunits(bio/num); 2=fraction; 3=numbers)
#_discard_errtype:  >0 for DF of T-dist(read CV below); 0 for normal with CV; -1 for normal with se; -2 for lognormal
#
#_discard_fleet_info
#
#_discard_data
#
#_meanbodywt
0 #_use_meanbodywt
 #_DF_for_meanbodywt_T-distribution_like
#
#_population_length_bins
2 # length bin method: 1=use databins; 2=generate from binwidth,min,max below; 3=read vector
1 # binwidth for population size comp
10 # minimum size in the population (lower edge of first bin and size at age 0.00)
200 # maximum size in the population (lower edge of last bin)
1 #_use_lencomp
#
#_len_info
#_mintailcomp	addtocomp	combine_M_F	CompressBins	CompError	ParmSelect	minsamplesize
-1	1e-10	0	0	0	0	1	#_Commercial  
-1	1e-10	0	0	0	0	1	#_Survey      
-1	1e-10	0	0	0	0	1	#_Recreational
45 #_N_lbins
#_lbin_vector
20 23 26 29 32 35 38 41 44 47 50 53 56 59 62 65 68 71 74 77 80 83 86 89 92 95 98 101 104 107 110 113 116 119 122 125 128 131 134 137 140 143 146 149 152 #_lbin_vector
#
#_lencomp
#_Yr	Seas	FltSvy	Gender	Part	Nsamp	l20	l23	l26	l29	l32	l35	l38	l41	l44	l47	l50	l53	l56	l59	l62	l65	l68	l71	l74	l77	l80	l83	l86	l89	l92	l95	l98	l101	l104	l107	l110	l113	l116	l119	l122	l125	l128	l131	l134	l137	l140	l143	l146	l149	l152
   26	1	1	0	0	100	1	1	1	1	1	1	1	1	1	1	1	1	1	1	1	1	1	1	1	1	1	1	1	1	1	1	1	1	1	1	1	1	1	1	1	1	1	1	1	1	1	1	1	1	1	#_1         
   27	1	1	0	0	100	1	1	1	1	1	1	1	1	1	1	1	1	1	1	1	1	1	1	1	1	1	1	1	1	1	1	1	1	1	1	1	1	1	1	1	1	1	1	1	1	1	1	1	1	1	#_2         
   28	1	1	0	0	100	1	1	1	1	1	1	1	1	1	1	1	1	1	1	1	1	1	1	1	1	1	1	1	1	1	1	1	1	1	1	1	1	1	1	1	1	1	1	1	1	1	1	1	1	1	#_3         
   29	1	1	0	0	100	1	1	1	1	1	1	1	1	1	1	1	1	1	1	1	1	1	1	1	1	1	1	1	1	1	1	1	1	1	1	1	1	1	1	1	1	1	1	1	1	1	1	1	1	1	#_4         
   30	1	1	0	0	100	1	1	1	1	1	1	1	1	1	1	1	1	1	1	1	1	1	1	1	1	1	1	1	1	1	1	1	1	1	1	1	1	1	1	1	1	1	1	1	1	1	1	1	1	1	#_5         
   31	1	1	0	0	100	1	1	1	1	1	1	1	1	1	1	1	1	1	1	1	1	1	1	1	1	1	1	1	1	1	1	1	1	1	1	1	1	1	1	1	1	1	1	1	1	1	1	1	1	1	#_6         
   32	1	1	0	0	100	1	1	1	1	1	1	1	1	1	1	1	1	1	1	1	1	1	1	1	1	1	1	1	1	1	1	1	1	1	1	1	1	1	1	1	1	1	1	1	1	1	1	1	1	1	#_7         
   33	1	1	0	0	100	1	1	1	1	1	1	1	1	1	1	1	1	1	1	1	1	1	1	1	1	1	1	1	1	1	1	1	1	1	1	1	1	1	1	1	1	1	1	1	1	1	1	1	1	1	#_8         
   34	1	1	0	0	100	1	1	1	1	1	1	1	1	1	1	1	1	1	1	1	1	1	1	1	1	1	1	1	1	1	1	1	1	1	1	1	1	1	1	1	1	1	1	1	1	1	1	1	1	1	#_9         
   35	1	1	0	0	100	1	1	1	1	1	1	1	1	1	1	1	1	1	1	1	1	1	1	1	1	1	1	1	1	1	1	1	1	1	1	1	1	1	1	1	1	1	1	1	1	1	1	1	1	1	#_10        
   36	1	1	0	0	100	1	1	1	1	1	1	1	1	1	1	1	1	1	1	1	1	1	1	1	1	1	1	1	1	1	1	1	1	1	1	1	1	1	1	1	1	1	1	1	1	1	1	1	1	1	#_11        
   37	1	1	0	0	100	1	1	1	1	1	1	1	1	1	1	1	1	1	1	1	1	1	1	1	1	1	1	1	1	1	1	1	1	1	1	1	1	1	1	1	1	1	1	1	1	1	1	1	1	1	#_12        
   38	1	1	0	0	100	1	1	1	1	1	1	1	1	1	1	1	1	1	1	1	1	1	1	1	1	1	1	1	1	1	1	1	1	1	1	1	1	1	1	1	1	1	1	1	1	1	1	1	1	1	#_13        
   39	1	1	0	0	100	1	1	1	1	1	1	1	1	1	1	1	1	1	1	1	1	1	1	1	1	1	1	1	1	1	1	1	1	1	1	1	1	1	1	1	1	1	1	1	1	1	1	1	1	1	#_14        
   40	1	1	0	0	100	1	1	1	1	1	1	1	1	1	1	1	1	1	1	1	1	1	1	1	1	1	1	1	1	1	1	1	1	1	1	1	1	1	1	1	1	1	1	1	1	1	1	1	1	1	#_15        
   41	1	1	0	0	100	1	1	1	1	1	1	1	1	1	1	1	1	1	1	1	1	1	1	1	1	1	1	1	1	1	1	1	1	1	1	1	1	1	1	1	1	1	1	1	1	1	1	1	1	1	#_16        
   42	1	1	0	0	100	1	1	1	1	1	1	1	1	1	1	1	1	1	1	1	1	1	1	1	1	1	1	1	1	1	1	1	1	1	1	1	1	1	1	1	1	1	1	1	1	1	1	1	1	1	#_17        
   43	1	1	0	0	100	1	1	1	1	1	1	1	1	1	1	1	1	1	1	1	1	1	1	1	1	1	1	1	1	1	1	1	1	1	1	1	1	1	1	1	1	1	1	1	1	1	1	1	1	1	#_18        
   44	1	1	0	0	100	1	1	1	1	1	1	1	1	1	1	1	1	1	1	1	1	1	1	1	1	1	1	1	1	1	1	1	1	1	1	1	1	1	1	1	1	1	1	1	1	1	1	1	1	1	#_19        
   45	1	1	0	0	100	1	1	1	1	1	1	1	1	1	1	1	1	1	1	1	1	1	1	1	1	1	1	1	1	1	1	1	1	1	1	1	1	1	1	1	1	1	1	1	1	1	1	1	1	1	#_20        
   46	1	1	0	0	100	1	1	1	1	1	1	1	1	1	1	1	1	1	1	1	1	1	1	1	1	1	1	1	1	1	1	1	1	1	1	1	1	1	1	1	1	1	1	1	1	1	1	1	1	1	#_21        
   47	1	1	0	0	100	1	1	1	1	1	1	1	1	1	1	1	1	1	1	1	1	1	1	1	1	1	1	1	1	1	1	1	1	1	1	1	1	1	1	1	1	1	1	1	1	1	1	1	1	1	#_22        
   48	1	1	0	0	100	1	1	1	1	1	1	1	1	1	1	1	1	1	1	1	1	1	1	1	1	1	1	1	1	1	1	1	1	1	1	1	1	1	1	1	1	1	1	1	1	1	1	1	1	1	#_23        
   49	1	1	0	0	100	1	1	1	1	1	1	1	1	1	1	1	1	1	1	1	1	1	1	1	1	1	1	1	1	1	1	1	1	1	1	1	1	1	1	1	1	1	1	1	1	1	1	1	1	1	#_24        
   50	1	1	0	0	100	1	1	1	1	1	1	1	1	1	1	1	1	1	1	1	1	1	1	1	1	1	1	1	1	1	1	1	1	1	1	1	1	1	1	1	1	1	1	1	1	1	1	1	1	1	#_25        
   51	1	1	0	0	100	1	1	1	1	1	1	1	1	1	1	1	1	1	1	1	1	1	1	1	1	1	1	1	1	1	1	1	1	1	1	1	1	1	1	1	1	1	1	1	1	1	1	1	1	1	#_26        
   52	1	1	0	0	100	1	1	1	1	1	1	1	1	1	1	1	1	1	1	1	1	1	1	1	1	1	1	1	1	1	1	1	1	1	1	1	1	1	1	1	1	1	1	1	1	1	1	1	1	1	#_27        
   53	1	1	0	0	100	1	1	1	1	1	1	1	1	1	1	1	1	1	1	1	1	1	1	1	1	1	1	1	1	1	1	1	1	1	1	1	1	1	1	1	1	1	1	1	1	1	1	1	1	1	#_28        
   54	1	1	0	0	100	1	1	1	1	1	1	1	1	1	1	1	1	1	1	1	1	1	1	1	1	1	1	1	1	1	1	1	1	1	1	1	1	1	1	1	1	1	1	1	1	1	1	1	1	1	#_29        
   55	1	1	0	0	100	1	1	1	1	1	1	1	1	1	1	1	1	1	1	1	1	1	1	1	1	1	1	1	1	1	1	1	1	1	1	1	1	1	1	1	1	1	1	1	1	1	1	1	1	1	#_30        
   56	1	1	0	0	100	1	1	1	1	1	1	1	1	1	1	1	1	1	1	1	1	1	1	1	1	1	1	1	1	1	1	1	1	1	1	1	1	1	1	1	1	1	1	1	1	1	1	1	1	1	#_31        
   57	1	1	0	0	100	1	1	1	1	1	1	1	1	1	1	1	1	1	1	1	1	1	1	1	1	1	1	1	1	1	1	1	1	1	1	1	1	1	1	1	1	1	1	1	1	1	1	1	1	1	#_32        
   58	1	1	0	0	100	1	1	1	1	1	1	1	1	1	1	1	1	1	1	1	1	1	1	1	1	1	1	1	1	1	1	1	1	1	1	1	1	1	1	1	1	1	1	1	1	1	1	1	1	1	#_33        
   59	1	1	0	0	100	1	1	1	1	1	1	1	1	1	1	1	1	1	1	1	1	1	1	1	1	1	1	1	1	1	1	1	1	1	1	1	1	1	1	1	1	1	1	1	1	1	1	1	1	1	#_34        
   60	1	1	0	0	100	1	1	1	1	1	1	1	1	1	1	1	1	1	1	1	1	1	1	1	1	1	1	1	1	1	1	1	1	1	1	1	1	1	1	1	1	1	1	1	1	1	1	1	1	1	#_35        
   61	1	1	0	0	100	1	1	1	1	1	1	1	1	1	1	1	1	1	1	1	1	1	1	1	1	1	1	1	1	1	1	1	1	1	1	1	1	1	1	1	1	1	1	1	1	1	1	1	1	1	#_36        
   62	1	1	0	0	100	1	1	1	1	1	1	1	1	1	1	1	1	1	1	1	1	1	1	1	1	1	1	1	1	1	1	1	1	1	1	1	1	1	1	1	1	1	1	1	1	1	1	1	1	1	#_37        
   63	1	1	0	0	100	1	1	1	1	1	1	1	1	1	1	1	1	1	1	1	1	1	1	1	1	1	1	1	1	1	1	1	1	1	1	1	1	1	1	1	1	1	1	1	1	1	1	1	1	1	#_38        
   64	1	1	0	0	100	1	1	1	1	1	1	1	1	1	1	1	1	1	1	1	1	1	1	1	1	1	1	1	1	1	1	1	1	1	1	1	1	1	1	1	1	1	1	1	1	1	1	1	1	1	#_39        
   65	1	1	0	0	100	1	1	1	1	1	1	1	1	1	1	1	1	1	1	1	1	1	1	1	1	1	1	1	1	1	1	1	1	1	1	1	1	1	1	1	1	1	1	1	1	1	1	1	1	1	#_40        
   66	1	1	0	0	100	1	1	1	1	1	1	1	1	1	1	1	1	1	1	1	1	1	1	1	1	1	1	1	1	1	1	1	1	1	1	1	1	1	1	1	1	1	1	1	1	1	1	1	1	1	#_41        
   67	1	1	0	0	100	1	1	1	1	1	1	1	1	1	1	1	1	1	1	1	1	1	1	1	1	1	1	1	1	1	1	1	1	1	1	1	1	1	1	1	1	1	1	1	1	1	1	1	1	1	#_42        
   68	1	1	0	0	100	1	1	1	1	1	1	1	1	1	1	1	1	1	1	1	1	1	1	1	1	1	1	1	1	1	1	1	1	1	1	1	1	1	1	1	1	1	1	1	1	1	1	1	1	1	#_43        
   69	1	1	0	0	100	1	1	1	1	1	1	1	1	1	1	1	1	1	1	1	1	1	1	1	1	1	1	1	1	1	1	1	1	1	1	1	1	1	1	1	1	1	1	1	1	1	1	1	1	1	#_44        
   70	1	1	0	0	100	1	1	1	1	1	1	1	1	1	1	1	1	1	1	1	1	1	1	1	1	1	1	1	1	1	1	1	1	1	1	1	1	1	1	1	1	1	1	1	1	1	1	1	1	1	#_45        
   71	1	1	0	0	100	1	1	1	1	1	1	1	1	1	1	1	1	1	1	1	1	1	1	1	1	1	1	1	1	1	1	1	1	1	1	1	1	1	1	1	1	1	1	1	1	1	1	1	1	1	#_46        
   72	1	1	0	0	100	1	1	1	1	1	1	1	1	1	1	1	1	1	1	1	1	1	1	1	1	1	1	1	1	1	1	1	1	1	1	1	1	1	1	1	1	1	1	1	1	1	1	1	1	1	#_47        
   73	1	1	0	0	100	1	1	1	1	1	1	1	1	1	1	1	1	1	1	1	1	1	1	1	1	1	1	1	1	1	1	1	1	1	1	1	1	1	1	1	1	1	1	1	1	1	1	1	1	1	#_48        
   74	1	1	0	0	100	1	1	1	1	1	1	1	1	1	1	1	1	1	1	1	1	1	1	1	1	1	1	1	1	1	1	1	1	1	1	1	1	1	1	1	1	1	1	1	1	1	1	1	1	1	#_49        
   75	1	1	0	0	100	1	1	1	1	1	1	1	1	1	1	1	1	1	1	1	1	1	1	1	1	1	1	1	1	1	1	1	1	1	1	1	1	1	1	1	1	1	1	1	1	1	1	1	1	1	#_50        
   76	1	1	0	0	100	1	1	1	1	1	1	1	1	1	1	1	1	1	1	1	1	1	1	1	1	1	1	1	1	1	1	1	1	1	1	1	1	1	1	1	1	1	1	1	1	1	1	1	1	1	#_51        
   77	1	1	0	0	100	1	1	1	1	1	1	1	1	1	1	1	1	1	1	1	1	1	1	1	1	1	1	1	1	1	1	1	1	1	1	1	1	1	1	1	1	1	1	1	1	1	1	1	1	1	#_52        
   78	1	1	0	0	100	1	1	1	1	1	1	1	1	1	1	1	1	1	1	1	1	1	1	1	1	1	1	1	1	1	1	1	1	1	1	1	1	1	1	1	1	1	1	1	1	1	1	1	1	1	#_53        
   79	1	1	0	0	100	1	1	1	1	1	1	1	1	1	1	1	1	1	1	1	1	1	1	1	1	1	1	1	1	1	1	1	1	1	1	1	1	1	1	1	1	1	1	1	1	1	1	1	1	1	#_54        
   80	1	1	0	0	100	1	1	1	1	1	1	1	1	1	1	1	1	1	1	1	1	1	1	1	1	1	1	1	1	1	1	1	1	1	1	1	1	1	1	1	1	1	1	1	1	1	1	1	1	1	#_55        
   81	1	1	0	0	100	1	1	1	1	1	1	1	1	1	1	1	1	1	1	1	1	1	1	1	1	1	1	1	1	1	1	1	1	1	1	1	1	1	1	1	1	1	1	1	1	1	1	1	1	1	#_56        
   82	1	1	0	0	100	1	1	1	1	1	1	1	1	1	1	1	1	1	1	1	1	1	1	1	1	1	1	1	1	1	1	1	1	1	1	1	1	1	1	1	1	1	1	1	1	1	1	1	1	1	#_57        
   83	1	1	0	0	100	1	1	1	1	1	1	1	1	1	1	1	1	1	1	1	1	1	1	1	1	1	1	1	1	1	1	1	1	1	1	1	1	1	1	1	1	1	1	1	1	1	1	1	1	1	#_58        
   84	1	1	0	0	100	1	1	1	1	1	1	1	1	1	1	1	1	1	1	1	1	1	1	1	1	1	1	1	1	1	1	1	1	1	1	1	1	1	1	1	1	1	1	1	1	1	1	1	1	1	#_59        
   85	1	1	0	0	100	1	1	1	1	1	1	1	1	1	1	1	1	1	1	1	1	1	1	1	1	1	1	1	1	1	1	1	1	1	1	1	1	1	1	1	1	1	1	1	1	1	1	1	1	1	#_60        
   86	1	1	0	0	100	1	1	1	1	1	1	1	1	1	1	1	1	1	1	1	1	1	1	1	1	1	1	1	1	1	1	1	1	1	1	1	1	1	1	1	1	1	1	1	1	1	1	1	1	1	#_61        
   87	1	1	0	0	100	1	1	1	1	1	1	1	1	1	1	1	1	1	1	1	1	1	1	1	1	1	1	1	1	1	1	1	1	1	1	1	1	1	1	1	1	1	1	1	1	1	1	1	1	1	#_62        
   88	1	1	0	0	100	1	1	1	1	1	1	1	1	1	1	1	1	1	1	1	1	1	1	1	1	1	1	1	1	1	1	1	1	1	1	1	1	1	1	1	1	1	1	1	1	1	1	1	1	1	#_63        
   89	1	1	0	0	100	1	1	1	1	1	1	1	1	1	1	1	1	1	1	1	1	1	1	1	1	1	1	1	1	1	1	1	1	1	1	1	1	1	1	1	1	1	1	1	1	1	1	1	1	1	#_64        
   90	1	1	0	0	100	1	1	1	1	1	1	1	1	1	1	1	1	1	1	1	1	1	1	1	1	1	1	1	1	1	1	1	1	1	1	1	1	1	1	1	1	1	1	1	1	1	1	1	1	1	#_65        
   91	1	1	0	0	100	1	1	1	1	1	1	1	1	1	1	1	1	1	1	1	1	1	1	1	1	1	1	1	1	1	1	1	1	1	1	1	1	1	1	1	1	1	1	1	1	1	1	1	1	1	#_66        
   92	1	1	0	0	100	1	1	1	1	1	1	1	1	1	1	1	1	1	1	1	1	1	1	1	1	1	1	1	1	1	1	1	1	1	1	1	1	1	1	1	1	1	1	1	1	1	1	1	1	1	#_67        
   93	1	1	0	0	100	1	1	1	1	1	1	1	1	1	1	1	1	1	1	1	1	1	1	1	1	1	1	1	1	1	1	1	1	1	1	1	1	1	1	1	1	1	1	1	1	1	1	1	1	1	#_68        
   94	1	1	0	0	100	1	1	1	1	1	1	1	1	1	1	1	1	1	1	1	1	1	1	1	1	1	1	1	1	1	1	1	1	1	1	1	1	1	1	1	1	1	1	1	1	1	1	1	1	1	#_69        
   95	1	1	0	0	100	1	1	1	1	1	1	1	1	1	1	1	1	1	1	1	1	1	1	1	1	1	1	1	1	1	1	1	1	1	1	1	1	1	1	1	1	1	1	1	1	1	1	1	1	1	#_70        
   96	1	1	0	0	100	1	1	1	1	1	1	1	1	1	1	1	1	1	1	1	1	1	1	1	1	1	1	1	1	1	1	1	1	1	1	1	1	1	1	1	1	1	1	1	1	1	1	1	1	1	#_71        
   97	1	1	0	0	100	1	1	1	1	1	1	1	1	1	1	1	1	1	1	1	1	1	1	1	1	1	1	1	1	1	1	1	1	1	1	1	1	1	1	1	1	1	1	1	1	1	1	1	1	1	#_72        
   98	1	1	0	0	100	1	1	1	1	1	1	1	1	1	1	1	1	1	1	1	1	1	1	1	1	1	1	1	1	1	1	1	1	1	1	1	1	1	1	1	1	1	1	1	1	1	1	1	1	1	#_73        
   99	1	1	0	0	100	1	1	1	1	1	1	1	1	1	1	1	1	1	1	1	1	1	1	1	1	1	1	1	1	1	1	1	1	1	1	1	1	1	1	1	1	1	1	1	1	1	1	1	1	1	#_74        
  100	1	1	0	0	100	1	1	1	1	1	1	1	1	1	1	1	1	1	1	1	1	1	1	1	1	1	1	1	1	1	1	1	1	1	1	1	1	1	1	1	1	1	1	1	1	1	1	1	1	1	#_75        
   26	1	2	0	0	100	1	1	1	1	1	1	1	1	1	1	1	1	1	1	1	1	1	1	1	1	1	1	1	1	1	1	1	1	1	1	1	1	1	1	1	1	1	1	1	1	1	1	1	1	1	#_76        
   27	1	2	0	0	100	1	1	1	1	1	1	1	1	1	1	1	1	1	1	1	1	1	1	1	1	1	1	1	1	1	1	1	1	1	1	1	1	1	1	1	1	1	1	1	1	1	1	1	1	1	#_77        
   28	1	2	0	0	100	1	1	1	1	1	1	1	1	1	1	1	1	1	1	1	1	1	1	1	1	1	1	1	1	1	1	1	1	1	1	1	1	1	1	1	1	1	1	1	1	1	1	1	1	1	#_78        
   29	1	2	0	0	100	1	1	1	1	1	1	1	1	1	1	1	1	1	1	1	1	1	1	1	1	1	1	1	1	1	1	1	1	1	1	1	1	1	1	1	1	1	1	1	1	1	1	1	1	1	#_79        
   30	1	2	0	0	100	1	1	1	1	1	1	1	1	1	1	1	1	1	1	1	1	1	1	1	1	1	1	1	1	1	1	1	1	1	1	1	1	1	1	1	1	1	1	1	1	1	1	1	1	1	#_80        
   31	1	2	0	0	100	1	1	1	1	1	1	1	1	1	1	1	1	1	1	1	1	1	1	1	1	1	1	1	1	1	1	1	1	1	1	1	1	1	1	1	1	1	1	1	1	1	1	1	1	1	#_81        
   32	1	2	0	0	100	1	1	1	1	1	1	1	1	1	1	1	1	1	1	1	1	1	1	1	1	1	1	1	1	1	1	1	1	1	1	1	1	1	1	1	1	1	1	1	1	1	1	1	1	1	#_82        
   33	1	2	0	0	100	1	1	1	1	1	1	1	1	1	1	1	1	1	1	1	1	1	1	1	1	1	1	1	1	1	1	1	1	1	1	1	1	1	1	1	1	1	1	1	1	1	1	1	1	1	#_83        
   34	1	2	0	0	100	1	1	1	1	1	1	1	1	1	1	1	1	1	1	1	1	1	1	1	1	1	1	1	1	1	1	1	1	1	1	1	1	1	1	1	1	1	1	1	1	1	1	1	1	1	#_84        
   35	1	2	0	0	100	1	1	1	1	1	1	1	1	1	1	1	1	1	1	1	1	1	1	1	1	1	1	1	1	1	1	1	1	1	1	1	1	1	1	1	1	1	1	1	1	1	1	1	1	1	#_85        
   36	1	2	0	0	100	1	1	1	1	1	1	1	1	1	1	1	1	1	1	1	1	1	1	1	1	1	1	1	1	1	1	1	1	1	1	1	1	1	1	1	1	1	1	1	1	1	1	1	1	1	#_86        
   37	1	2	0	0	100	1	1	1	1	1	1	1	1	1	1	1	1	1	1	1	1	1	1	1	1	1	1	1	1	1	1	1	1	1	1	1	1	1	1	1	1	1	1	1	1	1	1	1	1	1	#_87        
   38	1	2	0	0	100	1	1	1	1	1	1	1	1	1	1	1	1	1	1	1	1	1	1	1	1	1	1	1	1	1	1	1	1	1	1	1	1	1	1	1	1	1	1	1	1	1	1	1	1	1	#_88        
   39	1	2	0	0	100	1	1	1	1	1	1	1	1	1	1	1	1	1	1	1	1	1	1	1	1	1	1	1	1	1	1	1	1	1	1	1	1	1	1	1	1	1	1	1	1	1	1	1	1	1	#_89        
   40	1	2	0	0	100	1	1	1	1	1	1	1	1	1	1	1	1	1	1	1	1	1	1	1	1	1	1	1	1	1	1	1	1	1	1	1	1	1	1	1	1	1	1	1	1	1	1	1	1	1	#_90        
   41	1	2	0	0	100	1	1	1	1	1	1	1	1	1	1	1	1	1	1	1	1	1	1	1	1	1	1	1	1	1	1	1	1	1	1	1	1	1	1	1	1	1	1	1	1	1	1	1	1	1	#_91        
   42	1	2	0	0	100	1	1	1	1	1	1	1	1	1	1	1	1	1	1	1	1	1	1	1	1	1	1	1	1	1	1	1	1	1	1	1	1	1	1	1	1	1	1	1	1	1	1	1	1	1	#_92        
   43	1	2	0	0	100	1	1	1	1	1	1	1	1	1	1	1	1	1	1	1	1	1	1	1	1	1	1	1	1	1	1	1	1	1	1	1	1	1	1	1	1	1	1	1	1	1	1	1	1	1	#_93        
   44	1	2	0	0	100	1	1	1	1	1	1	1	1	1	1	1	1	1	1	1	1	1	1	1	1	1	1	1	1	1	1	1	1	1	1	1	1	1	1	1	1	1	1	1	1	1	1	1	1	1	#_94        
   45	1	2	0	0	100	1	1	1	1	1	1	1	1	1	1	1	1	1	1	1	1	1	1	1	1	1	1	1	1	1	1	1	1	1	1	1	1	1	1	1	1	1	1	1	1	1	1	1	1	1	#_95        
   46	1	2	0	0	100	1	1	1	1	1	1	1	1	1	1	1	1	1	1	1	1	1	1	1	1	1	1	1	1	1	1	1	1	1	1	1	1	1	1	1	1	1	1	1	1	1	1	1	1	1	#_96        
   47	1	2	0	0	100	1	1	1	1	1	1	1	1	1	1	1	1	1	1	1	1	1	1	1	1	1	1	1	1	1	1	1	1	1	1	1	1	1	1	1	1	1	1	1	1	1	1	1	1	1	#_97        
   48	1	2	0	0	100	1	1	1	1	1	1	1	1	1	1	1	1	1	1	1	1	1	1	1	1	1	1	1	1	1	1	1	1	1	1	1	1	1	1	1	1	1	1	1	1	1	1	1	1	1	#_98        
   49	1	2	0	0	100	1	1	1	1	1	1	1	1	1	1	1	1	1	1	1	1	1	1	1	1	1	1	1	1	1	1	1	1	1	1	1	1	1	1	1	1	1	1	1	1	1	1	1	1	1	#_99        
   50	1	2	0	0	100	1	1	1	1	1	1	1	1	1	1	1	1	1	1	1	1	1	1	1	1	1	1	1	1	1	1	1	1	1	1	1	1	1	1	1	1	1	1	1	1	1	1	1	1	1	#_100       
   51	1	2	0	0	100	1	1	1	1	1	1	1	1	1	1	1	1	1	1	1	1	1	1	1	1	1	1	1	1	1	1	1	1	1	1	1	1	1	1	1	1	1	1	1	1	1	1	1	1	1	#_101       
   52	1	2	0	0	100	1	1	1	1	1	1	1	1	1	1	1	1	1	1	1	1	1	1	1	1	1	1	1	1	1	1	1	1	1	1	1	1	1	1	1	1	1	1	1	1	1	1	1	1	1	#_102       
   53	1	2	0	0	100	1	1	1	1	1	1	1	1	1	1	1	1	1	1	1	1	1	1	1	1	1	1	1	1	1	1	1	1	1	1	1	1	1	1	1	1	1	1	1	1	1	1	1	1	1	#_103       
   54	1	2	0	0	100	1	1	1	1	1	1	1	1	1	1	1	1	1	1	1	1	1	1	1	1	1	1	1	1	1	1	1	1	1	1	1	1	1	1	1	1	1	1	1	1	1	1	1	1	1	#_104       
   55	1	2	0	0	100	1	1	1	1	1	1	1	1	1	1	1	1	1	1	1	1	1	1	1	1	1	1	1	1	1	1	1	1	1	1	1	1	1	1	1	1	1	1	1	1	1	1	1	1	1	#_105       
   56	1	2	0	0	100	1	1	1	1	1	1	1	1	1	1	1	1	1	1	1	1	1	1	1	1	1	1	1	1	1	1	1	1	1	1	1	1	1	1	1	1	1	1	1	1	1	1	1	1	1	#_106       
   57	1	2	0	0	100	1	1	1	1	1	1	1	1	1	1	1	1	1	1	1	1	1	1	1	1	1	1	1	1	1	1	1	1	1	1	1	1	1	1	1	1	1	1	1	1	1	1	1	1	1	#_107       
   58	1	2	0	0	100	1	1	1	1	1	1	1	1	1	1	1	1	1	1	1	1	1	1	1	1	1	1	1	1	1	1	1	1	1	1	1	1	1	1	1	1	1	1	1	1	1	1	1	1	1	#_108       
   59	1	2	0	0	100	1	1	1	1	1	1	1	1	1	1	1	1	1	1	1	1	1	1	1	1	1	1	1	1	1	1	1	1	1	1	1	1	1	1	1	1	1	1	1	1	1	1	1	1	1	#_109       
   60	1	2	0	0	100	1	1	1	1	1	1	1	1	1	1	1	1	1	1	1	1	1	1	1	1	1	1	1	1	1	1	1	1	1	1	1	1	1	1	1	1	1	1	1	1	1	1	1	1	1	#_110       
   61	1	2	0	0	100	1	1	1	1	1	1	1	1	1	1	1	1	1	1	1	1	1	1	1	1	1	1	1	1	1	1	1	1	1	1	1	1	1	1	1	1	1	1	1	1	1	1	1	1	1	#_111       
   62	1	2	0	0	100	1	1	1	1	1	1	1	1	1	1	1	1	1	1	1	1	1	1	1	1	1	1	1	1	1	1	1	1	1	1	1	1	1	1	1	1	1	1	1	1	1	1	1	1	1	#_112       
   63	1	2	0	0	100	1	1	1	1	1	1	1	1	1	1	1	1	1	1	1	1	1	1	1	1	1	1	1	1	1	1	1	1	1	1	1	1	1	1	1	1	1	1	1	1	1	1	1	1	1	#_113       
   64	1	2	0	0	100	1	1	1	1	1	1	1	1	1	1	1	1	1	1	1	1	1	1	1	1	1	1	1	1	1	1	1	1	1	1	1	1	1	1	1	1	1	1	1	1	1	1	1	1	1	#_114       
   65	1	2	0	0	100	1	1	1	1	1	1	1	1	1	1	1	1	1	1	1	1	1	1	1	1	1	1	1	1	1	1	1	1	1	1	1	1	1	1	1	1	1	1	1	1	1	1	1	1	1	#_115       
   66	1	2	0	0	100	1	1	1	1	1	1	1	1	1	1	1	1	1	1	1	1	1	1	1	1	1	1	1	1	1	1	1	1	1	1	1	1	1	1	1	1	1	1	1	1	1	1	1	1	1	#_116       
   67	1	2	0	0	100	1	1	1	1	1	1	1	1	1	1	1	1	1	1	1	1	1	1	1	1	1	1	1	1	1	1	1	1	1	1	1	1	1	1	1	1	1	1	1	1	1	1	1	1	1	#_117       
   68	1	2	0	0	100	1	1	1	1	1	1	1	1	1	1	1	1	1	1	1	1	1	1	1	1	1	1	1	1	1	1	1	1	1	1	1	1	1	1	1	1	1	1	1	1	1	1	1	1	1	#_118       
   69	1	2	0	0	100	1	1	1	1	1	1	1	1	1	1	1	1	1	1	1	1	1	1	1	1	1	1	1	1	1	1	1	1	1	1	1	1	1	1	1	1	1	1	1	1	1	1	1	1	1	#_119       
   70	1	2	0	0	100	1	1	1	1	1	1	1	1	1	1	1	1	1	1	1	1	1	1	1	1	1	1	1	1	1	1	1	1	1	1	1	1	1	1	1	1	1	1	1	1	1	1	1	1	1	#_120       
   71	1	2	0	0	100	1	1	1	1	1	1	1	1	1	1	1	1	1	1	1	1	1	1	1	1	1	1	1	1	1	1	1	1	1	1	1	1	1	1	1	1	1	1	1	1	1	1	1	1	1	#_121       
   72	1	2	0	0	100	1	1	1	1	1	1	1	1	1	1	1	1	1	1	1	1	1	1	1	1	1	1	1	1	1	1	1	1	1	1	1	1	1	1	1	1	1	1	1	1	1	1	1	1	1	#_122       
   73	1	2	0	0	100	1	1	1	1	1	1	1	1	1	1	1	1	1	1	1	1	1	1	1	1	1	1	1	1	1	1	1	1	1	1	1	1	1	1	1	1	1	1	1	1	1	1	1	1	1	#_123       
   74	1	2	0	0	100	1	1	1	1	1	1	1	1	1	1	1	1	1	1	1	1	1	1	1	1	1	1	1	1	1	1	1	1	1	1	1	1	1	1	1	1	1	1	1	1	1	1	1	1	1	#_124       
   75	1	2	0	0	100	1	1	1	1	1	1	1	1	1	1	1	1	1	1	1	1	1	1	1	1	1	1	1	1	1	1	1	1	1	1	1	1	1	1	1	1	1	1	1	1	1	1	1	1	1	#_125       
   76	1	2	0	0	100	1	1	1	1	1	1	1	1	1	1	1	1	1	1	1	1	1	1	1	1	1	1	1	1	1	1	1	1	1	1	1	1	1	1	1	1	1	1	1	1	1	1	1	1	1	#_126       
   77	1	2	0	0	100	1	1	1	1	1	1	1	1	1	1	1	1	1	1	1	1	1	1	1	1	1	1	1	1	1	1	1	1	1	1	1	1	1	1	1	1	1	1	1	1	1	1	1	1	1	#_127       
   78	1	2	0	0	100	1	1	1	1	1	1	1	1	1	1	1	1	1	1	1	1	1	1	1	1	1	1	1	1	1	1	1	1	1	1	1	1	1	1	1	1	1	1	1	1	1	1	1	1	1	#_128       
   79	1	2	0	0	100	1	1	1	1	1	1	1	1	1	1	1	1	1	1	1	1	1	1	1	1	1	1	1	1	1	1	1	1	1	1	1	1	1	1	1	1	1	1	1	1	1	1	1	1	1	#_129       
   80	1	2	0	0	100	1	1	1	1	1	1	1	1	1	1	1	1	1	1	1	1	1	1	1	1	1	1	1	1	1	1	1	1	1	1	1	1	1	1	1	1	1	1	1	1	1	1	1	1	1	#_130       
   81	1	2	0	0	100	1	1	1	1	1	1	1	1	1	1	1	1	1	1	1	1	1	1	1	1	1	1	1	1	1	1	1	1	1	1	1	1	1	1	1	1	1	1	1	1	1	1	1	1	1	#_131       
   82	1	2	0	0	100	1	1	1	1	1	1	1	1	1	1	1	1	1	1	1	1	1	1	1	1	1	1	1	1	1	1	1	1	1	1	1	1	1	1	1	1	1	1	1	1	1	1	1	1	1	#_132       
   83	1	2	0	0	100	1	1	1	1	1	1	1	1	1	1	1	1	1	1	1	1	1	1	1	1	1	1	1	1	1	1	1	1	1	1	1	1	1	1	1	1	1	1	1	1	1	1	1	1	1	#_133       
   84	1	2	0	0	100	1	1	1	1	1	1	1	1	1	1	1	1	1	1	1	1	1	1	1	1	1	1	1	1	1	1	1	1	1	1	1	1	1	1	1	1	1	1	1	1	1	1	1	1	1	#_134       
   85	1	2	0	0	100	1	1	1	1	1	1	1	1	1	1	1	1	1	1	1	1	1	1	1	1	1	1	1	1	1	1	1	1	1	1	1	1	1	1	1	1	1	1	1	1	1	1	1	1	1	#_135       
   86	1	2	0	0	100	1	1	1	1	1	1	1	1	1	1	1	1	1	1	1	1	1	1	1	1	1	1	1	1	1	1	1	1	1	1	1	1	1	1	1	1	1	1	1	1	1	1	1	1	1	#_136       
   87	1	2	0	0	100	1	1	1	1	1	1	1	1	1	1	1	1	1	1	1	1	1	1	1	1	1	1	1	1	1	1	1	1	1	1	1	1	1	1	1	1	1	1	1	1	1	1	1	1	1	#_137       
   88	1	2	0	0	100	1	1	1	1	1	1	1	1	1	1	1	1	1	1	1	1	1	1	1	1	1	1	1	1	1	1	1	1	1	1	1	1	1	1	1	1	1	1	1	1	1	1	1	1	1	#_138       
   89	1	2	0	0	100	1	1	1	1	1	1	1	1	1	1	1	1	1	1	1	1	1	1	1	1	1	1	1	1	1	1	1	1	1	1	1	1	1	1	1	1	1	1	1	1	1	1	1	1	1	#_139       
   90	1	2	0	0	100	1	1	1	1	1	1	1	1	1	1	1	1	1	1	1	1	1	1	1	1	1	1	1	1	1	1	1	1	1	1	1	1	1	1	1	1	1	1	1	1	1	1	1	1	1	#_140       
   91	1	2	0	0	100	1	1	1	1	1	1	1	1	1	1	1	1	1	1	1	1	1	1	1	1	1	1	1	1	1	1	1	1	1	1	1	1	1	1	1	1	1	1	1	1	1	1	1	1	1	#_141       
   92	1	2	0	0	100	1	1	1	1	1	1	1	1	1	1	1	1	1	1	1	1	1	1	1	1	1	1	1	1	1	1	1	1	1	1	1	1	1	1	1	1	1	1	1	1	1	1	1	1	1	#_142       
   93	1	2	0	0	100	1	1	1	1	1	1	1	1	1	1	1	1	1	1	1	1	1	1	1	1	1	1	1	1	1	1	1	1	1	1	1	1	1	1	1	1	1	1	1	1	1	1	1	1	1	#_143       
   94	1	2	0	0	100	1	1	1	1	1	1	1	1	1	1	1	1	1	1	1	1	1	1	1	1	1	1	1	1	1	1	1	1	1	1	1	1	1	1	1	1	1	1	1	1	1	1	1	1	1	#_144       
   95	1	2	0	0	100	1	1	1	1	1	1	1	1	1	1	1	1	1	1	1	1	1	1	1	1	1	1	1	1	1	1	1	1	1	1	1	1	1	1	1	1	1	1	1	1	1	1	1	1	1	#_145       
   96	1	2	0	0	100	1	1	1	1	1	1	1	1	1	1	1	1	1	1	1	1	1	1	1	1	1	1	1	1	1	1	1	1	1	1	1	1	1	1	1	1	1	1	1	1	1	1	1	1	1	#_146       
   97	1	2	0	0	100	1	1	1	1	1	1	1	1	1	1	1	1	1	1	1	1	1	1	1	1	1	1	1	1	1	1	1	1	1	1	1	1	1	1	1	1	1	1	1	1	1	1	1	1	1	#_147       
   98	1	2	0	0	100	1	1	1	1	1	1	1	1	1	1	1	1	1	1	1	1	1	1	1	1	1	1	1	1	1	1	1	1	1	1	1	1	1	1	1	1	1	1	1	1	1	1	1	1	1	#_148       
   99	1	2	0	0	100	1	1	1	1	1	1	1	1	1	1	1	1	1	1	1	1	1	1	1	1	1	1	1	1	1	1	1	1	1	1	1	1	1	1	1	1	1	1	1	1	1	1	1	1	1	#_149       
  100	1	2	0	0	100	1	1	1	1	1	1	1	1	1	1	1	1	1	1	1	1	1	1	1	1	1	1	1	1	1	1	1	1	1	1	1	1	1	1	1	1	1	1	1	1	1	1	1	1	1	#_150       
   26	1	3	0	0	100	1	1	1	1	1	1	1	1	1	1	1	1	1	1	1	1	1	1	1	1	1	1	1	1	1	1	1	1	1	1	1	1	1	1	1	1	1	1	1	1	1	1	1	1	1	#_151       
   27	1	3	0	0	100	1	1	1	1	1	1	1	1	1	1	1	1	1	1	1	1	1	1	1	1	1	1	1	1	1	1	1	1	1	1	1	1	1	1	1	1	1	1	1	1	1	1	1	1	1	#_152       
   28	1	3	0	0	100	1	1	1	1	1	1	1	1	1	1	1	1	1	1	1	1	1	1	1	1	1	1	1	1	1	1	1	1	1	1	1	1	1	1	1	1	1	1	1	1	1	1	1	1	1	#_153       
   29	1	3	0	0	100	1	1	1	1	1	1	1	1	1	1	1	1	1	1	1	1	1	1	1	1	1	1	1	1	1	1	1	1	1	1	1	1	1	1	1	1	1	1	1	1	1	1	1	1	1	#_154       
   30	1	3	0	0	100	1	1	1	1	1	1	1	1	1	1	1	1	1	1	1	1	1	1	1	1	1	1	1	1	1	1	1	1	1	1	1	1	1	1	1	1	1	1	1	1	1	1	1	1	1	#_155       
   31	1	3	0	0	100	1	1	1	1	1	1	1	1	1	1	1	1	1	1	1	1	1	1	1	1	1	1	1	1	1	1	1	1	1	1	1	1	1	1	1	1	1	1	1	1	1	1	1	1	1	#_156       
   32	1	3	0	0	100	1	1	1	1	1	1	1	1	1	1	1	1	1	1	1	1	1	1	1	1	1	1	1	1	1	1	1	1	1	1	1	1	1	1	1	1	1	1	1	1	1	1	1	1	1	#_157       
   33	1	3	0	0	100	1	1	1	1	1	1	1	1	1	1	1	1	1	1	1	1	1	1	1	1	1	1	1	1	1	1	1	1	1	1	1	1	1	1	1	1	1	1	1	1	1	1	1	1	1	#_158       
   34	1	3	0	0	100	1	1	1	1	1	1	1	1	1	1	1	1	1	1	1	1	1	1	1	1	1	1	1	1	1	1	1	1	1	1	1	1	1	1	1	1	1	1	1	1	1	1	1	1	1	#_159       
   35	1	3	0	0	100	1	1	1	1	1	1	1	1	1	1	1	1	1	1	1	1	1	1	1	1	1	1	1	1	1	1	1	1	1	1	1	1	1	1	1	1	1	1	1	1	1	1	1	1	1	#_160       
   36	1	3	0	0	100	1	1	1	1	1	1	1	1	1	1	1	1	1	1	1	1	1	1	1	1	1	1	1	1	1	1	1	1	1	1	1	1	1	1	1	1	1	1	1	1	1	1	1	1	1	#_161       
   37	1	3	0	0	100	1	1	1	1	1	1	1	1	1	1	1	1	1	1	1	1	1	1	1	1	1	1	1	1	1	1	1	1	1	1	1	1	1	1	1	1	1	1	1	1	1	1	1	1	1	#_162       
   38	1	3	0	0	100	1	1	1	1	1	1	1	1	1	1	1	1	1	1	1	1	1	1	1	1	1	1	1	1	1	1	1	1	1	1	1	1	1	1	1	1	1	1	1	1	1	1	1	1	1	#_163       
   39	1	3	0	0	100	1	1	1	1	1	1	1	1	1	1	1	1	1	1	1	1	1	1	1	1	1	1	1	1	1	1	1	1	1	1	1	1	1	1	1	1	1	1	1	1	1	1	1	1	1	#_164       
   40	1	3	0	0	100	1	1	1	1	1	1	1	1	1	1	1	1	1	1	1	1	1	1	1	1	1	1	1	1	1	1	1	1	1	1	1	1	1	1	1	1	1	1	1	1	1	1	1	1	1	#_165       
   41	1	3	0	0	100	1	1	1	1	1	1	1	1	1	1	1	1	1	1	1	1	1	1	1	1	1	1	1	1	1	1	1	1	1	1	1	1	1	1	1	1	1	1	1	1	1	1	1	1	1	#_166       
   42	1	3	0	0	100	1	1	1	1	1	1	1	1	1	1	1	1	1	1	1	1	1	1	1	1	1	1	1	1	1	1	1	1	1	1	1	1	1	1	1	1	1	1	1	1	1	1	1	1	1	#_167       
   43	1	3	0	0	100	1	1	1	1	1	1	1	1	1	1	1	1	1	1	1	1	1	1	1	1	1	1	1	1	1	1	1	1	1	1	1	1	1	1	1	1	1	1	1	1	1	1	1	1	1	#_168       
   44	1	3	0	0	100	1	1	1	1	1	1	1	1	1	1	1	1	1	1	1	1	1	1	1	1	1	1	1	1	1	1	1	1	1	1	1	1	1	1	1	1	1	1	1	1	1	1	1	1	1	#_169       
   45	1	3	0	0	100	1	1	1	1	1	1	1	1	1	1	1	1	1	1	1	1	1	1	1	1	1	1	1	1	1	1	1	1	1	1	1	1	1	1	1	1	1	1	1	1	1	1	1	1	1	#_170       
   46	1	3	0	0	100	1	1	1	1	1	1	1	1	1	1	1	1	1	1	1	1	1	1	1	1	1	1	1	1	1	1	1	1	1	1	1	1	1	1	1	1	1	1	1	1	1	1	1	1	1	#_171       
   47	1	3	0	0	100	1	1	1	1	1	1	1	1	1	1	1	1	1	1	1	1	1	1	1	1	1	1	1	1	1	1	1	1	1	1	1	1	1	1	1	1	1	1	1	1	1	1	1	1	1	#_172       
   48	1	3	0	0	100	1	1	1	1	1	1	1	1	1	1	1	1	1	1	1	1	1	1	1	1	1	1	1	1	1	1	1	1	1	1	1	1	1	1	1	1	1	1	1	1	1	1	1	1	1	#_173       
   49	1	3	0	0	100	1	1	1	1	1	1	1	1	1	1	1	1	1	1	1	1	1	1	1	1	1	1	1	1	1	1	1	1	1	1	1	1	1	1	1	1	1	1	1	1	1	1	1	1	1	#_174       
   50	1	3	0	0	100	1	1	1	1	1	1	1	1	1	1	1	1	1	1	1	1	1	1	1	1	1	1	1	1	1	1	1	1	1	1	1	1	1	1	1	1	1	1	1	1	1	1	1	1	1	#_175       
   51	1	3	0	0	100	1	1	1	1	1	1	1	1	1	1	1	1	1	1	1	1	1	1	1	1	1	1	1	1	1	1	1	1	1	1	1	1	1	1	1	1	1	1	1	1	1	1	1	1	1	#_176       
   52	1	3	0	0	100	1	1	1	1	1	1	1	1	1	1	1	1	1	1	1	1	1	1	1	1	1	1	1	1	1	1	1	1	1	1	1	1	1	1	1	1	1	1	1	1	1	1	1	1	1	#_177       
   53	1	3	0	0	100	1	1	1	1	1	1	1	1	1	1	1	1	1	1	1	1	1	1	1	1	1	1	1	1	1	1	1	1	1	1	1	1	1	1	1	1	1	1	1	1	1	1	1	1	1	#_178       
   54	1	3	0	0	100	1	1	1	1	1	1	1	1	1	1	1	1	1	1	1	1	1	1	1	1	1	1	1	1	1	1	1	1	1	1	1	1	1	1	1	1	1	1	1	1	1	1	1	1	1	#_179       
   55	1	3	0	0	100	1	1	1	1	1	1	1	1	1	1	1	1	1	1	1	1	1	1	1	1	1	1	1	1	1	1	1	1	1	1	1	1	1	1	1	1	1	1	1	1	1	1	1	1	1	#_180       
   56	1	3	0	0	100	1	1	1	1	1	1	1	1	1	1	1	1	1	1	1	1	1	1	1	1	1	1	1	1	1	1	1	1	1	1	1	1	1	1	1	1	1	1	1	1	1	1	1	1	1	#_181       
   57	1	3	0	0	100	1	1	1	1	1	1	1	1	1	1	1	1	1	1	1	1	1	1	1	1	1	1	1	1	1	1	1	1	1	1	1	1	1	1	1	1	1	1	1	1	1	1	1	1	1	#_182       
   58	1	3	0	0	100	1	1	1	1	1	1	1	1	1	1	1	1	1	1	1	1	1	1	1	1	1	1	1	1	1	1	1	1	1	1	1	1	1	1	1	1	1	1	1	1	1	1	1	1	1	#_183       
   59	1	3	0	0	100	1	1	1	1	1	1	1	1	1	1	1	1	1	1	1	1	1	1	1	1	1	1	1	1	1	1	1	1	1	1	1	1	1	1	1	1	1	1	1	1	1	1	1	1	1	#_184       
   60	1	3	0	0	100	1	1	1	1	1	1	1	1	1	1	1	1	1	1	1	1	1	1	1	1	1	1	1	1	1	1	1	1	1	1	1	1	1	1	1	1	1	1	1	1	1	1	1	1	1	#_185       
   61	1	3	0	0	100	1	1	1	1	1	1	1	1	1	1	1	1	1	1	1	1	1	1	1	1	1	1	1	1	1	1	1	1	1	1	1	1	1	1	1	1	1	1	1	1	1	1	1	1	1	#_186       
   62	1	3	0	0	100	1	1	1	1	1	1	1	1	1	1	1	1	1	1	1	1	1	1	1	1	1	1	1	1	1	1	1	1	1	1	1	1	1	1	1	1	1	1	1	1	1	1	1	1	1	#_187       
   63	1	3	0	0	100	1	1	1	1	1	1	1	1	1	1	1	1	1	1	1	1	1	1	1	1	1	1	1	1	1	1	1	1	1	1	1	1	1	1	1	1	1	1	1	1	1	1	1	1	1	#_188       
   64	1	3	0	0	100	1	1	1	1	1	1	1	1	1	1	1	1	1	1	1	1	1	1	1	1	1	1	1	1	1	1	1	1	1	1	1	1	1	1	1	1	1	1	1	1	1	1	1	1	1	#_189       
   65	1	3	0	0	100	1	1	1	1	1	1	1	1	1	1	1	1	1	1	1	1	1	1	1	1	1	1	1	1	1	1	1	1	1	1	1	1	1	1	1	1	1	1	1	1	1	1	1	1	1	#_190       
   66	1	3	0	0	100	1	1	1	1	1	1	1	1	1	1	1	1	1	1	1	1	1	1	1	1	1	1	1	1	1	1	1	1	1	1	1	1	1	1	1	1	1	1	1	1	1	1	1	1	1	#_191       
   67	1	3	0	0	100	1	1	1	1	1	1	1	1	1	1	1	1	1	1	1	1	1	1	1	1	1	1	1	1	1	1	1	1	1	1	1	1	1	1	1	1	1	1	1	1	1	1	1	1	1	#_192       
   68	1	3	0	0	100	1	1	1	1	1	1	1	1	1	1	1	1	1	1	1	1	1	1	1	1	1	1	1	1	1	1	1	1	1	1	1	1	1	1	1	1	1	1	1	1	1	1	1	1	1	#_193       
   69	1	3	0	0	100	1	1	1	1	1	1	1	1	1	1	1	1	1	1	1	1	1	1	1	1	1	1	1	1	1	1	1	1	1	1	1	1	1	1	1	1	1	1	1	1	1	1	1	1	1	#_194       
   70	1	3	0	0	100	1	1	1	1	1	1	1	1	1	1	1	1	1	1	1	1	1	1	1	1	1	1	1	1	1	1	1	1	1	1	1	1	1	1	1	1	1	1	1	1	1	1	1	1	1	#_195       
   71	1	3	0	0	100	1	1	1	1	1	1	1	1	1	1	1	1	1	1	1	1	1	1	1	1	1	1	1	1	1	1	1	1	1	1	1	1	1	1	1	1	1	1	1	1	1	1	1	1	1	#_196       
   72	1	3	0	0	100	1	1	1	1	1	1	1	1	1	1	1	1	1	1	1	1	1	1	1	1	1	1	1	1	1	1	1	1	1	1	1	1	1	1	1	1	1	1	1	1	1	1	1	1	1	#_197       
   73	1	3	0	0	100	1	1	1	1	1	1	1	1	1	1	1	1	1	1	1	1	1	1	1	1	1	1	1	1	1	1	1	1	1	1	1	1	1	1	1	1	1	1	1	1	1	1	1	1	1	#_198       
   74	1	3	0	0	100	1	1	1	1	1	1	1	1	1	1	1	1	1	1	1	1	1	1	1	1	1	1	1	1	1	1	1	1	1	1	1	1	1	1	1	1	1	1	1	1	1	1	1	1	1	#_199       
   75	1	3	0	0	100	1	1	1	1	1	1	1	1	1	1	1	1	1	1	1	1	1	1	1	1	1	1	1	1	1	1	1	1	1	1	1	1	1	1	1	1	1	1	1	1	1	1	1	1	1	#_200       
   76	1	3	0	0	100	1	1	1	1	1	1	1	1	1	1	1	1	1	1	1	1	1	1	1	1	1	1	1	1	1	1	1	1	1	1	1	1	1	1	1	1	1	1	1	1	1	1	1	1	1	#_201       
   77	1	3	0	0	100	1	1	1	1	1	1	1	1	1	1	1	1	1	1	1	1	1	1	1	1	1	1	1	1	1	1	1	1	1	1	1	1	1	1	1	1	1	1	1	1	1	1	1	1	1	#_202       
   78	1	3	0	0	100	1	1	1	1	1	1	1	1	1	1	1	1	1	1	1	1	1	1	1	1	1	1	1	1	1	1	1	1	1	1	1	1	1	1	1	1	1	1	1	1	1	1	1	1	1	#_203       
   79	1	3	0	0	100	1	1	1	1	1	1	1	1	1	1	1	1	1	1	1	1	1	1	1	1	1	1	1	1	1	1	1	1	1	1	1	1	1	1	1	1	1	1	1	1	1	1	1	1	1	#_204       
   80	1	3	0	0	100	1	1	1	1	1	1	1	1	1	1	1	1	1	1	1	1	1	1	1	1	1	1	1	1	1	1	1	1	1	1	1	1	1	1	1	1	1	1	1	1	1	1	1	1	1	#_205       
   81	1	3	0	0	100	1	1	1	1	1	1	1	1	1	1	1	1	1	1	1	1	1	1	1	1	1	1	1	1	1	1	1	1	1	1	1	1	1	1	1	1	1	1	1	1	1	1	1	1	1	#_206       
   82	1	3	0	0	100	1	1	1	1	1	1	1	1	1	1	1	1	1	1	1	1	1	1	1	1	1	1	1	1	1	1	1	1	1	1	1	1	1	1	1	1	1	1	1	1	1	1	1	1	1	#_207       
   83	1	3	0	0	100	1	1	1	1	1	1	1	1	1	1	1	1	1	1	1	1	1	1	1	1	1	1	1	1	1	1	1	1	1	1	1	1	1	1	1	1	1	1	1	1	1	1	1	1	1	#_208       
   84	1	3	0	0	100	1	1	1	1	1	1	1	1	1	1	1	1	1	1	1	1	1	1	1	1	1	1	1	1	1	1	1	1	1	1	1	1	1	1	1	1	1	1	1	1	1	1	1	1	1	#_209       
   85	1	3	0	0	100	1	1	1	1	1	1	1	1	1	1	1	1	1	1	1	1	1	1	1	1	1	1	1	1	1	1	1	1	1	1	1	1	1	1	1	1	1	1	1	1	1	1	1	1	1	#_210       
   86	1	3	0	0	100	1	1	1	1	1	1	1	1	1	1	1	1	1	1	1	1	1	1	1	1	1	1	1	1	1	1	1	1	1	1	1	1	1	1	1	1	1	1	1	1	1	1	1	1	1	#_211       
   87	1	3	0	0	100	1	1	1	1	1	1	1	1	1	1	1	1	1	1	1	1	1	1	1	1	1	1	1	1	1	1	1	1	1	1	1	1	1	1	1	1	1	1	1	1	1	1	1	1	1	#_212       
   88	1	3	0	0	100	1	1	1	1	1	1	1	1	1	1	1	1	1	1	1	1	1	1	1	1	1	1	1	1	1	1	1	1	1	1	1	1	1	1	1	1	1	1	1	1	1	1	1	1	1	#_213       
   89	1	3	0	0	100	1	1	1	1	1	1	1	1	1	1	1	1	1	1	1	1	1	1	1	1	1	1	1	1	1	1	1	1	1	1	1	1	1	1	1	1	1	1	1	1	1	1	1	1	1	#_214       
   90	1	3	0	0	100	1	1	1	1	1	1	1	1	1	1	1	1	1	1	1	1	1	1	1	1	1	1	1	1	1	1	1	1	1	1	1	1	1	1	1	1	1	1	1	1	1	1	1	1	1	#_215       
   91	1	3	0	0	100	1	1	1	1	1	1	1	1	1	1	1	1	1	1	1	1	1	1	1	1	1	1	1	1	1	1	1	1	1	1	1	1	1	1	1	1	1	1	1	1	1	1	1	1	1	#_216       
   92	1	3	0	0	100	1	1	1	1	1	1	1	1	1	1	1	1	1	1	1	1	1	1	1	1	1	1	1	1	1	1	1	1	1	1	1	1	1	1	1	1	1	1	1	1	1	1	1	1	1	#_217       
   93	1	3	0	0	100	1	1	1	1	1	1	1	1	1	1	1	1	1	1	1	1	1	1	1	1	1	1	1	1	1	1	1	1	1	1	1	1	1	1	1	1	1	1	1	1	1	1	1	1	1	#_218       
   94	1	3	0	0	100	1	1	1	1	1	1	1	1	1	1	1	1	1	1	1	1	1	1	1	1	1	1	1	1	1	1	1	1	1	1	1	1	1	1	1	1	1	1	1	1	1	1	1	1	1	#_219       
   95	1	3	0	0	100	1	1	1	1	1	1	1	1	1	1	1	1	1	1	1	1	1	1	1	1	1	1	1	1	1	1	1	1	1	1	1	1	1	1	1	1	1	1	1	1	1	1	1	1	1	#_220       
   96	1	3	0	0	100	1	1	1	1	1	1	1	1	1	1	1	1	1	1	1	1	1	1	1	1	1	1	1	1	1	1	1	1	1	1	1	1	1	1	1	1	1	1	1	1	1	1	1	1	1	#_221       
   97	1	3	0	0	100	1	1	1	1	1	1	1	1	1	1	1	1	1	1	1	1	1	1	1	1	1	1	1	1	1	1	1	1	1	1	1	1	1	1	1	1	1	1	1	1	1	1	1	1	1	#_222       
   98	1	3	0	0	100	1	1	1	1	1	1	1	1	1	1	1	1	1	1	1	1	1	1	1	1	1	1	1	1	1	1	1	1	1	1	1	1	1	1	1	1	1	1	1	1	1	1	1	1	1	#_223       
   99	1	3	0	0	100	1	1	1	1	1	1	1	1	1	1	1	1	1	1	1	1	1	1	1	1	1	1	1	1	1	1	1	1	1	1	1	1	1	1	1	1	1	1	1	1	1	1	1	1	1	#_224       
  100	1	3	0	0	100	1	1	1	1	1	1	1	1	1	1	1	1	1	1	1	1	1	1	1	1	1	1	1	1	1	1	1	1	1	1	1	1	1	1	1	1	1	1	1	1	1	1	1	1	1	#_225       
-9999	0	0	0	0	  0	0	0	0	0	0	0	0	0	0	0	0	0	0	0	0	0	0	0	0	0	0	0	0	0	0	0	0	0	0	0	0	0	0	0	0	0	0	0	0	0	0	0	0	0	0	#_terminator
30 #_N_agebins
#
#_agebin_vector
1 2 3 4 5 6 7 8 9 10 11 12 13 14 15 16 17 18 19 20 21 22 23 24 25 26 27 28 29 30 #_agebin_vector
#
#_ageing_error
1 #_N_ageerror_definitions
#_age0	age1	age2	age3	age4	age5	age6	age7	age8	age9	age10	age11	age12	age13	age14	age15	age16	age17	age18	age19	age20	age21	age22	age23	age24	age25	age26	age27	age28	age29	age30
   -1	   -1	   -1	   -1	   -1	   -1	   -1	   -1	   -1	   -1	   -1	   -1	   -1	   -1	   -1	   -1	   -1	   -1	   -1	   -1	   -1	   -1	   -1	   -1	   -1	   -1	   -1	   -1	   -1	   -1	   -1	#_1
0.001	0.001	0.001	0.001	0.001	0.001	0.001	0.001	0.001	0.001	0.001	0.001	0.001	0.001	0.001	0.001	0.001	0.001	0.001	0.001	0.001	0.001	0.001	0.001	0.001	0.001	0.001	0.001	0.001	0.001	0.001	#_2
#
#_age_info
#_mintailcomp	addtocomp	combine_M_F	CompressBins	CompError	ParmSelect	minsamplesize
-1	1e-10	0	0	0	0	1	#_Commercial  
-1	1e-10	0	0	0	0	1	#_Survey      
-1	1e-10	0	0	0	0	1	#_Recreational
3 #_Lbin_method: 1=poplenbins; 2=datalenbins; 3=lengths
 #_combine males into females at or below this bin number
#_Yr	Seas	FltSvy	Gender	Part	Ageerr	Lbin_lo	Lbin_hi	Nsamp	a1	a2	a3	a4	a5	a6	a7	a8	a9	a10	a11	a12	a13	a14	a15	a16	a17	a18	a19	a20	a21	a22	a23	a24	a25	a26	a27	a28	a29	a30
   26	1	1	0	0	1	-1	-1	100	1	1	1	1	1	1	1	1	1	1	1	1	1	1	1	1	1	1	1	1	1	1	1	1	1	1	1	1	1	1	#_1         
   27	1	1	0	0	1	-1	-1	100	1	1	1	1	1	1	1	1	1	1	1	1	1	1	1	1	1	1	1	1	1	1	1	1	1	1	1	1	1	1	#_2         
   28	1	1	0	0	1	-1	-1	100	1	1	1	1	1	1	1	1	1	1	1	1	1	1	1	1	1	1	1	1	1	1	1	1	1	1	1	1	1	1	#_3         
   29	1	1	0	0	1	-1	-1	100	1	1	1	1	1	1	1	1	1	1	1	1	1	1	1	1	1	1	1	1	1	1	1	1	1	1	1	1	1	1	#_4         
   30	1	1	0	0	1	-1	-1	100	1	1	1	1	1	1	1	1	1	1	1	1	1	1	1	1	1	1	1	1	1	1	1	1	1	1	1	1	1	1	#_5         
   31	1	1	0	0	1	-1	-1	100	1	1	1	1	1	1	1	1	1	1	1	1	1	1	1	1	1	1	1	1	1	1	1	1	1	1	1	1	1	1	#_6         
   32	1	1	0	0	1	-1	-1	100	1	1	1	1	1	1	1	1	1	1	1	1	1	1	1	1	1	1	1	1	1	1	1	1	1	1	1	1	1	1	#_7         
   33	1	1	0	0	1	-1	-1	100	1	1	1	1	1	1	1	1	1	1	1	1	1	1	1	1	1	1	1	1	1	1	1	1	1	1	1	1	1	1	#_8         
   34	1	1	0	0	1	-1	-1	100	1	1	1	1	1	1	1	1	1	1	1	1	1	1	1	1	1	1	1	1	1	1	1	1	1	1	1	1	1	1	#_9         
   35	1	1	0	0	1	-1	-1	100	1	1	1	1	1	1	1	1	1	1	1	1	1	1	1	1	1	1	1	1	1	1	1	1	1	1	1	1	1	1	#_10        
   36	1	1	0	0	1	-1	-1	100	1	1	1	1	1	1	1	1	1	1	1	1	1	1	1	1	1	1	1	1	1	1	1	1	1	1	1	1	1	1	#_11        
   37	1	1	0	0	1	-1	-1	100	1	1	1	1	1	1	1	1	1	1	1	1	1	1	1	1	1	1	1	1	1	1	1	1	1	1	1	1	1	1	#_12        
   38	1	1	0	0	1	-1	-1	100	1	1	1	1	1	1	1	1	1	1	1	1	1	1	1	1	1	1	1	1	1	1	1	1	1	1	1	1	1	1	#_13        
   39	1	1	0	0	1	-1	-1	100	1	1	1	1	1	1	1	1	1	1	1	1	1	1	1	1	1	1	1	1	1	1	1	1	1	1	1	1	1	1	#_14        
   40	1	1	0	0	1	-1	-1	100	1	1	1	1	1	1	1	1	1	1	1	1	1	1	1	1	1	1	1	1	1	1	1	1	1	1	1	1	1	1	#_15        
   41	1	1	0	0	1	-1	-1	100	1	1	1	1	1	1	1	1	1	1	1	1	1	1	1	1	1	1	1	1	1	1	1	1	1	1	1	1	1	1	#_16        
   42	1	1	0	0	1	-1	-1	100	1	1	1	1	1	1	1	1	1	1	1	1	1	1	1	1	1	1	1	1	1	1	1	1	1	1	1	1	1	1	#_17        
   43	1	1	0	0	1	-1	-1	100	1	1	1	1	1	1	1	1	1	1	1	1	1	1	1	1	1	1	1	1	1	1	1	1	1	1	1	1	1	1	#_18        
   44	1	1	0	0	1	-1	-1	100	1	1	1	1	1	1	1	1	1	1	1	1	1	1	1	1	1	1	1	1	1	1	1	1	1	1	1	1	1	1	#_19        
   45	1	1	0	0	1	-1	-1	100	1	1	1	1	1	1	1	1	1	1	1	1	1	1	1	1	1	1	1	1	1	1	1	1	1	1	1	1	1	1	#_20        
   46	1	1	0	0	1	-1	-1	100	1	1	1	1	1	1	1	1	1	1	1	1	1	1	1	1	1	1	1	1	1	1	1	1	1	1	1	1	1	1	#_21        
   47	1	1	0	0	1	-1	-1	100	1	1	1	1	1	1	1	1	1	1	1	1	1	1	1	1	1	1	1	1	1	1	1	1	1	1	1	1	1	1	#_22        
   48	1	1	0	0	1	-1	-1	100	1	1	1	1	1	1	1	1	1	1	1	1	1	1	1	1	1	1	1	1	1	1	1	1	1	1	1	1	1	1	#_23        
   49	1	1	0	0	1	-1	-1	100	1	1	1	1	1	1	1	1	1	1	1	1	1	1	1	1	1	1	1	1	1	1	1	1	1	1	1	1	1	1	#_24        
   50	1	1	0	0	1	-1	-1	100	1	1	1	1	1	1	1	1	1	1	1	1	1	1	1	1	1	1	1	1	1	1	1	1	1	1	1	1	1	1	#_25        
   51	1	1	0	0	1	-1	-1	100	1	1	1	1	1	1	1	1	1	1	1	1	1	1	1	1	1	1	1	1	1	1	1	1	1	1	1	1	1	1	#_26        
   52	1	1	0	0	1	-1	-1	100	1	1	1	1	1	1	1	1	1	1	1	1	1	1	1	1	1	1	1	1	1	1	1	1	1	1	1	1	1	1	#_27        
   53	1	1	0	0	1	-1	-1	100	1	1	1	1	1	1	1	1	1	1	1	1	1	1	1	1	1	1	1	1	1	1	1	1	1	1	1	1	1	1	#_28        
   54	1	1	0	0	1	-1	-1	100	1	1	1	1	1	1	1	1	1	1	1	1	1	1	1	1	1	1	1	1	1	1	1	1	1	1	1	1	1	1	#_29        
   55	1	1	0	0	1	-1	-1	100	1	1	1	1	1	1	1	1	1	1	1	1	1	1	1	1	1	1	1	1	1	1	1	1	1	1	1	1	1	1	#_30        
   56	1	1	0	0	1	-1	-1	100	1	1	1	1	1	1	1	1	1	1	1	1	1	1	1	1	1	1	1	1	1	1	1	1	1	1	1	1	1	1	#_31        
   57	1	1	0	0	1	-1	-1	100	1	1	1	1	1	1	1	1	1	1	1	1	1	1	1	1	1	1	1	1	1	1	1	1	1	1	1	1	1	1	#_32        
   58	1	1	0	0	1	-1	-1	100	1	1	1	1	1	1	1	1	1	1	1	1	1	1	1	1	1	1	1	1	1	1	1	1	1	1	1	1	1	1	#_33        
   59	1	1	0	0	1	-1	-1	100	1	1	1	1	1	1	1	1	1	1	1	1	1	1	1	1	1	1	1	1	1	1	1	1	1	1	1	1	1	1	#_34        
   60	1	1	0	0	1	-1	-1	100	1	1	1	1	1	1	1	1	1	1	1	1	1	1	1	1	1	1	1	1	1	1	1	1	1	1	1	1	1	1	#_35        
   61	1	1	0	0	1	-1	-1	100	1	1	1	1	1	1	1	1	1	1	1	1	1	1	1	1	1	1	1	1	1	1	1	1	1	1	1	1	1	1	#_36        
   62	1	1	0	0	1	-1	-1	100	1	1	1	1	1	1	1	1	1	1	1	1	1	1	1	1	1	1	1	1	1	1	1	1	1	1	1	1	1	1	#_37        
   63	1	1	0	0	1	-1	-1	100	1	1	1	1	1	1	1	1	1	1	1	1	1	1	1	1	1	1	1	1	1	1	1	1	1	1	1	1	1	1	#_38        
   64	1	1	0	0	1	-1	-1	100	1	1	1	1	1	1	1	1	1	1	1	1	1	1	1	1	1	1	1	1	1	1	1	1	1	1	1	1	1	1	#_39        
   65	1	1	0	0	1	-1	-1	100	1	1	1	1	1	1	1	1	1	1	1	1	1	1	1	1	1	1	1	1	1	1	1	1	1	1	1	1	1	1	#_40        
   66	1	1	0	0	1	-1	-1	100	1	1	1	1	1	1	1	1	1	1	1	1	1	1	1	1	1	1	1	1	1	1	1	1	1	1	1	1	1	1	#_41        
   67	1	1	0	0	1	-1	-1	100	1	1	1	1	1	1	1	1	1	1	1	1	1	1	1	1	1	1	1	1	1	1	1	1	1	1	1	1	1	1	#_42        
   68	1	1	0	0	1	-1	-1	100	1	1	1	1	1	1	1	1	1	1	1	1	1	1	1	1	1	1	1	1	1	1	1	1	1	1	1	1	1	1	#_43        
   69	1	1	0	0	1	-1	-1	100	1	1	1	1	1	1	1	1	1	1	1	1	1	1	1	1	1	1	1	1	1	1	1	1	1	1	1	1	1	1	#_44        
   70	1	1	0	0	1	-1	-1	100	1	1	1	1	1	1	1	1	1	1	1	1	1	1	1	1	1	1	1	1	1	1	1	1	1	1	1	1	1	1	#_45        
   71	1	1	0	0	1	-1	-1	100	1	1	1	1	1	1	1	1	1	1	1	1	1	1	1	1	1	1	1	1	1	1	1	1	1	1	1	1	1	1	#_46        
   72	1	1	0	0	1	-1	-1	100	1	1	1	1	1	1	1	1	1	1	1	1	1	1	1	1	1	1	1	1	1	1	1	1	1	1	1	1	1	1	#_47        
   73	1	1	0	0	1	-1	-1	100	1	1	1	1	1	1	1	1	1	1	1	1	1	1	1	1	1	1	1	1	1	1	1	1	1	1	1	1	1	1	#_48        
   74	1	1	0	0	1	-1	-1	100	1	1	1	1	1	1	1	1	1	1	1	1	1	1	1	1	1	1	1	1	1	1	1	1	1	1	1	1	1	1	#_49        
   75	1	1	0	0	1	-1	-1	100	1	1	1	1	1	1	1	1	1	1	1	1	1	1	1	1	1	1	1	1	1	1	1	1	1	1	1	1	1	1	#_50        
   76	1	1	0	0	1	-1	-1	100	1	1	1	1	1	1	1	1	1	1	1	1	1	1	1	1	1	1	1	1	1	1	1	1	1	1	1	1	1	1	#_51        
   77	1	1	0	0	1	-1	-1	100	1	1	1	1	1	1	1	1	1	1	1	1	1	1	1	1	1	1	1	1	1	1	1	1	1	1	1	1	1	1	#_52        
   78	1	1	0	0	1	-1	-1	100	1	1	1	1	1	1	1	1	1	1	1	1	1	1	1	1	1	1	1	1	1	1	1	1	1	1	1	1	1	1	#_53        
   79	1	1	0	0	1	-1	-1	100	1	1	1	1	1	1	1	1	1	1	1	1	1	1	1	1	1	1	1	1	1	1	1	1	1	1	1	1	1	1	#_54        
   80	1	1	0	0	1	-1	-1	100	1	1	1	1	1	1	1	1	1	1	1	1	1	1	1	1	1	1	1	1	1	1	1	1	1	1	1	1	1	1	#_55        
   81	1	1	0	0	1	-1	-1	100	1	1	1	1	1	1	1	1	1	1	1	1	1	1	1	1	1	1	1	1	1	1	1	1	1	1	1	1	1	1	#_56        
   82	1	1	0	0	1	-1	-1	100	1	1	1	1	1	1	1	1	1	1	1	1	1	1	1	1	1	1	1	1	1	1	1	1	1	1	1	1	1	1	#_57        
   83	1	1	0	0	1	-1	-1	100	1	1	1	1	1	1	1	1	1	1	1	1	1	1	1	1	1	1	1	1	1	1	1	1	1	1	1	1	1	1	#_58        
   84	1	1	0	0	1	-1	-1	100	1	1	1	1	1	1	1	1	1	1	1	1	1	1	1	1	1	1	1	1	1	1	1	1	1	1	1	1	1	1	#_59        
   85	1	1	0	0	1	-1	-1	100	1	1	1	1	1	1	1	1	1	1	1	1	1	1	1	1	1	1	1	1	1	1	1	1	1	1	1	1	1	1	#_60        
   86	1	1	0	0	1	-1	-1	100	1	1	1	1	1	1	1	1	1	1	1	1	1	1	1	1	1	1	1	1	1	1	1	1	1	1	1	1	1	1	#_61        
   87	1	1	0	0	1	-1	-1	100	1	1	1	1	1	1	1	1	1	1	1	1	1	1	1	1	1	1	1	1	1	1	1	1	1	1	1	1	1	1	#_62        
   88	1	1	0	0	1	-1	-1	100	1	1	1	1	1	1	1	1	1	1	1	1	1	1	1	1	1	1	1	1	1	1	1	1	1	1	1	1	1	1	#_63        
   89	1	1	0	0	1	-1	-1	100	1	1	1	1	1	1	1	1	1	1	1	1	1	1	1	1	1	1	1	1	1	1	1	1	1	1	1	1	1	1	#_64        
   90	1	1	0	0	1	-1	-1	100	1	1	1	1	1	1	1	1	1	1	1	1	1	1	1	1	1	1	1	1	1	1	1	1	1	1	1	1	1	1	#_65        
   91	1	1	0	0	1	-1	-1	100	1	1	1	1	1	1	1	1	1	1	1	1	1	1	1	1	1	1	1	1	1	1	1	1	1	1	1	1	1	1	#_66        
   92	1	1	0	0	1	-1	-1	100	1	1	1	1	1	1	1	1	1	1	1	1	1	1	1	1	1	1	1	1	1	1	1	1	1	1	1	1	1	1	#_67        
   93	1	1	0	0	1	-1	-1	100	1	1	1	1	1	1	1	1	1	1	1	1	1	1	1	1	1	1	1	1	1	1	1	1	1	1	1	1	1	1	#_68        
   94	1	1	0	0	1	-1	-1	100	1	1	1	1	1	1	1	1	1	1	1	1	1	1	1	1	1	1	1	1	1	1	1	1	1	1	1	1	1	1	#_69        
   95	1	1	0	0	1	-1	-1	100	1	1	1	1	1	1	1	1	1	1	1	1	1	1	1	1	1	1	1	1	1	1	1	1	1	1	1	1	1	1	#_70        
   96	1	1	0	0	1	-1	-1	100	1	1	1	1	1	1	1	1	1	1	1	1	1	1	1	1	1	1	1	1	1	1	1	1	1	1	1	1	1	1	#_71        
   97	1	1	0	0	1	-1	-1	100	1	1	1	1	1	1	1	1	1	1	1	1	1	1	1	1	1	1	1	1	1	1	1	1	1	1	1	1	1	1	#_72        
   98	1	1	0	0	1	-1	-1	100	1	1	1	1	1	1	1	1	1	1	1	1	1	1	1	1	1	1	1	1	1	1	1	1	1	1	1	1	1	1	#_73        
   99	1	1	0	0	1	-1	-1	100	1	1	1	1	1	1	1	1	1	1	1	1	1	1	1	1	1	1	1	1	1	1	1	1	1	1	1	1	1	1	#_74        
  100	1	1	0	0	1	-1	-1	100	1	1	1	1	1	1	1	1	1	1	1	1	1	1	1	1	1	1	1	1	1	1	1	1	1	1	1	1	1	1	#_75        
   26	1	2	0	0	1	-1	-1	100	1	1	1	1	1	1	1	1	1	1	1	1	1	1	1	1	1	1	1	1	1	1	1	1	1	1	1	1	1	1	#_76        
   27	1	2	0	0	1	-1	-1	100	1	1	1	1	1	1	1	1	1	1	1	1	1	1	1	1	1	1	1	1	1	1	1	1	1	1	1	1	1	1	#_77        
   28	1	2	0	0	1	-1	-1	100	1	1	1	1	1	1	1	1	1	1	1	1	1	1	1	1	1	1	1	1	1	1	1	1	1	1	1	1	1	1	#_78        
   29	1	2	0	0	1	-1	-1	100	1	1	1	1	1	1	1	1	1	1	1	1	1	1	1	1	1	1	1	1	1	1	1	1	1	1	1	1	1	1	#_79        
   30	1	2	0	0	1	-1	-1	100	1	1	1	1	1	1	1	1	1	1	1	1	1	1	1	1	1	1	1	1	1	1	1	1	1	1	1	1	1	1	#_80        
   31	1	2	0	0	1	-1	-1	100	1	1	1	1	1	1	1	1	1	1	1	1	1	1	1	1	1	1	1	1	1	1	1	1	1	1	1	1	1	1	#_81        
   32	1	2	0	0	1	-1	-1	100	1	1	1	1	1	1	1	1	1	1	1	1	1	1	1	1	1	1	1	1	1	1	1	1	1	1	1	1	1	1	#_82        
   33	1	2	0	0	1	-1	-1	100	1	1	1	1	1	1	1	1	1	1	1	1	1	1	1	1	1	1	1	1	1	1	1	1	1	1	1	1	1	1	#_83        
   34	1	2	0	0	1	-1	-1	100	1	1	1	1	1	1	1	1	1	1	1	1	1	1	1	1	1	1	1	1	1	1	1	1	1	1	1	1	1	1	#_84        
   35	1	2	0	0	1	-1	-1	100	1	1	1	1	1	1	1	1	1	1	1	1	1	1	1	1	1	1	1	1	1	1	1	1	1	1	1	1	1	1	#_85        
   36	1	2	0	0	1	-1	-1	100	1	1	1	1	1	1	1	1	1	1	1	1	1	1	1	1	1	1	1	1	1	1	1	1	1	1	1	1	1	1	#_86        
   37	1	2	0	0	1	-1	-1	100	1	1	1	1	1	1	1	1	1	1	1	1	1	1	1	1	1	1	1	1	1	1	1	1	1	1	1	1	1	1	#_87        
   38	1	2	0	0	1	-1	-1	100	1	1	1	1	1	1	1	1	1	1	1	1	1	1	1	1	1	1	1	1	1	1	1	1	1	1	1	1	1	1	#_88        
   39	1	2	0	0	1	-1	-1	100	1	1	1	1	1	1	1	1	1	1	1	1	1	1	1	1	1	1	1	1	1	1	1	1	1	1	1	1	1	1	#_89        
   40	1	2	0	0	1	-1	-1	100	1	1	1	1	1	1	1	1	1	1	1	1	1	1	1	1	1	1	1	1	1	1	1	1	1	1	1	1	1	1	#_90        
   41	1	2	0	0	1	-1	-1	100	1	1	1	1	1	1	1	1	1	1	1	1	1	1	1	1	1	1	1	1	1	1	1	1	1	1	1	1	1	1	#_91        
   42	1	2	0	0	1	-1	-1	100	1	1	1	1	1	1	1	1	1	1	1	1	1	1	1	1	1	1	1	1	1	1	1	1	1	1	1	1	1	1	#_92        
   43	1	2	0	0	1	-1	-1	100	1	1	1	1	1	1	1	1	1	1	1	1	1	1	1	1	1	1	1	1	1	1	1	1	1	1	1	1	1	1	#_93        
   44	1	2	0	0	1	-1	-1	100	1	1	1	1	1	1	1	1	1	1	1	1	1	1	1	1	1	1	1	1	1	1	1	1	1	1	1	1	1	1	#_94        
   45	1	2	0	0	1	-1	-1	100	1	1	1	1	1	1	1	1	1	1	1	1	1	1	1	1	1	1	1	1	1	1	1	1	1	1	1	1	1	1	#_95        
   46	1	2	0	0	1	-1	-1	100	1	1	1	1	1	1	1	1	1	1	1	1	1	1	1	1	1	1	1	1	1	1	1	1	1	1	1	1	1	1	#_96        
   47	1	2	0	0	1	-1	-1	100	1	1	1	1	1	1	1	1	1	1	1	1	1	1	1	1	1	1	1	1	1	1	1	1	1	1	1	1	1	1	#_97        
   48	1	2	0	0	1	-1	-1	100	1	1	1	1	1	1	1	1	1	1	1	1	1	1	1	1	1	1	1	1	1	1	1	1	1	1	1	1	1	1	#_98        
   49	1	2	0	0	1	-1	-1	100	1	1	1	1	1	1	1	1	1	1	1	1	1	1	1	1	1	1	1	1	1	1	1	1	1	1	1	1	1	1	#_99        
   50	1	2	0	0	1	-1	-1	100	1	1	1	1	1	1	1	1	1	1	1	1	1	1	1	1	1	1	1	1	1	1	1	1	1	1	1	1	1	1	#_100       
   51	1	2	0	0	1	-1	-1	100	1	1	1	1	1	1	1	1	1	1	1	1	1	1	1	1	1	1	1	1	1	1	1	1	1	1	1	1	1	1	#_101       
   52	1	2	0	0	1	-1	-1	100	1	1	1	1	1	1	1	1	1	1	1	1	1	1	1	1	1	1	1	1	1	1	1	1	1	1	1	1	1	1	#_102       
   53	1	2	0	0	1	-1	-1	100	1	1	1	1	1	1	1	1	1	1	1	1	1	1	1	1	1	1	1	1	1	1	1	1	1	1	1	1	1	1	#_103       
   54	1	2	0	0	1	-1	-1	100	1	1	1	1	1	1	1	1	1	1	1	1	1	1	1	1	1	1	1	1	1	1	1	1	1	1	1	1	1	1	#_104       
   55	1	2	0	0	1	-1	-1	100	1	1	1	1	1	1	1	1	1	1	1	1	1	1	1	1	1	1	1	1	1	1	1	1	1	1	1	1	1	1	#_105       
   56	1	2	0	0	1	-1	-1	100	1	1	1	1	1	1	1	1	1	1	1	1	1	1	1	1	1	1	1	1	1	1	1	1	1	1	1	1	1	1	#_106       
   57	1	2	0	0	1	-1	-1	100	1	1	1	1	1	1	1	1	1	1	1	1	1	1	1	1	1	1	1	1	1	1	1	1	1	1	1	1	1	1	#_107       
   58	1	2	0	0	1	-1	-1	100	1	1	1	1	1	1	1	1	1	1	1	1	1	1	1	1	1	1	1	1	1	1	1	1	1	1	1	1	1	1	#_108       
   59	1	2	0	0	1	-1	-1	100	1	1	1	1	1	1	1	1	1	1	1	1	1	1	1	1	1	1	1	1	1	1	1	1	1	1	1	1	1	1	#_109       
   60	1	2	0	0	1	-1	-1	100	1	1	1	1	1	1	1	1	1	1	1	1	1	1	1	1	1	1	1	1	1	1	1	1	1	1	1	1	1	1	#_110       
   61	1	2	0	0	1	-1	-1	100	1	1	1	1	1	1	1	1	1	1	1	1	1	1	1	1	1	1	1	1	1	1	1	1	1	1	1	1	1	1	#_111       
   62	1	2	0	0	1	-1	-1	100	1	1	1	1	1	1	1	1	1	1	1	1	1	1	1	1	1	1	1	1	1	1	1	1	1	1	1	1	1	1	#_112       
   63	1	2	0	0	1	-1	-1	100	1	1	1	1	1	1	1	1	1	1	1	1	1	1	1	1	1	1	1	1	1	1	1	1	1	1	1	1	1	1	#_113       
   64	1	2	0	0	1	-1	-1	100	1	1	1	1	1	1	1	1	1	1	1	1	1	1	1	1	1	1	1	1	1	1	1	1	1	1	1	1	1	1	#_114       
   65	1	2	0	0	1	-1	-1	100	1	1	1	1	1	1	1	1	1	1	1	1	1	1	1	1	1	1	1	1	1	1	1	1	1	1	1	1	1	1	#_115       
   66	1	2	0	0	1	-1	-1	100	1	1	1	1	1	1	1	1	1	1	1	1	1	1	1	1	1	1	1	1	1	1	1	1	1	1	1	1	1	1	#_116       
   67	1	2	0	0	1	-1	-1	100	1	1	1	1	1	1	1	1	1	1	1	1	1	1	1	1	1	1	1	1	1	1	1	1	1	1	1	1	1	1	#_117       
   68	1	2	0	0	1	-1	-1	100	1	1	1	1	1	1	1	1	1	1	1	1	1	1	1	1	1	1	1	1	1	1	1	1	1	1	1	1	1	1	#_118       
   69	1	2	0	0	1	-1	-1	100	1	1	1	1	1	1	1	1	1	1	1	1	1	1	1	1	1	1	1	1	1	1	1	1	1	1	1	1	1	1	#_119       
   70	1	2	0	0	1	-1	-1	100	1	1	1	1	1	1	1	1	1	1	1	1	1	1	1	1	1	1	1	1	1	1	1	1	1	1	1	1	1	1	#_120       
   71	1	2	0	0	1	-1	-1	100	1	1	1	1	1	1	1	1	1	1	1	1	1	1	1	1	1	1	1	1	1	1	1	1	1	1	1	1	1	1	#_121       
   72	1	2	0	0	1	-1	-1	100	1	1	1	1	1	1	1	1	1	1	1	1	1	1	1	1	1	1	1	1	1	1	1	1	1	1	1	1	1	1	#_122       
   73	1	2	0	0	1	-1	-1	100	1	1	1	1	1	1	1	1	1	1	1	1	1	1	1	1	1	1	1	1	1	1	1	1	1	1	1	1	1	1	#_123       
   74	1	2	0	0	1	-1	-1	100	1	1	1	1	1	1	1	1	1	1	1	1	1	1	1	1	1	1	1	1	1	1	1	1	1	1	1	1	1	1	#_124       
   75	1	2	0	0	1	-1	-1	100	1	1	1	1	1	1	1	1	1	1	1	1	1	1	1	1	1	1	1	1	1	1	1	1	1	1	1	1	1	1	#_125       
   76	1	2	0	0	1	-1	-1	100	1	1	1	1	1	1	1	1	1	1	1	1	1	1	1	1	1	1	1	1	1	1	1	1	1	1	1	1	1	1	#_126       
   77	1	2	0	0	1	-1	-1	100	1	1	1	1	1	1	1	1	1	1	1	1	1	1	1	1	1	1	1	1	1	1	1	1	1	1	1	1	1	1	#_127       
   78	1	2	0	0	1	-1	-1	100	1	1	1	1	1	1	1	1	1	1	1	1	1	1	1	1	1	1	1	1	1	1	1	1	1	1	1	1	1	1	#_128       
   79	1	2	0	0	1	-1	-1	100	1	1	1	1	1	1	1	1	1	1	1	1	1	1	1	1	1	1	1	1	1	1	1	1	1	1	1	1	1	1	#_129       
   80	1	2	0	0	1	-1	-1	100	1	1	1	1	1	1	1	1	1	1	1	1	1	1	1	1	1	1	1	1	1	1	1	1	1	1	1	1	1	1	#_130       
   81	1	2	0	0	1	-1	-1	100	1	1	1	1	1	1	1	1	1	1	1	1	1	1	1	1	1	1	1	1	1	1	1	1	1	1	1	1	1	1	#_131       
   82	1	2	0	0	1	-1	-1	100	1	1	1	1	1	1	1	1	1	1	1	1	1	1	1	1	1	1	1	1	1	1	1	1	1	1	1	1	1	1	#_132       
   83	1	2	0	0	1	-1	-1	100	1	1	1	1	1	1	1	1	1	1	1	1	1	1	1	1	1	1	1	1	1	1	1	1	1	1	1	1	1	1	#_133       
   84	1	2	0	0	1	-1	-1	100	1	1	1	1	1	1	1	1	1	1	1	1	1	1	1	1	1	1	1	1	1	1	1	1	1	1	1	1	1	1	#_134       
   85	1	2	0	0	1	-1	-1	100	1	1	1	1	1	1	1	1	1	1	1	1	1	1	1	1	1	1	1	1	1	1	1	1	1	1	1	1	1	1	#_135       
   86	1	2	0	0	1	-1	-1	100	1	1	1	1	1	1	1	1	1	1	1	1	1	1	1	1	1	1	1	1	1	1	1	1	1	1	1	1	1	1	#_136       
   87	1	2	0	0	1	-1	-1	100	1	1	1	1	1	1	1	1	1	1	1	1	1	1	1	1	1	1	1	1	1	1	1	1	1	1	1	1	1	1	#_137       
   88	1	2	0	0	1	-1	-1	100	1	1	1	1	1	1	1	1	1	1	1	1	1	1	1	1	1	1	1	1	1	1	1	1	1	1	1	1	1	1	#_138       
   89	1	2	0	0	1	-1	-1	100	1	1	1	1	1	1	1	1	1	1	1	1	1	1	1	1	1	1	1	1	1	1	1	1	1	1	1	1	1	1	#_139       
   90	1	2	0	0	1	-1	-1	100	1	1	1	1	1	1	1	1	1	1	1	1	1	1	1	1	1	1	1	1	1	1	1	1	1	1	1	1	1	1	#_140       
   91	1	2	0	0	1	-1	-1	100	1	1	1	1	1	1	1	1	1	1	1	1	1	1	1	1	1	1	1	1	1	1	1	1	1	1	1	1	1	1	#_141       
   92	1	2	0	0	1	-1	-1	100	1	1	1	1	1	1	1	1	1	1	1	1	1	1	1	1	1	1	1	1	1	1	1	1	1	1	1	1	1	1	#_142       
   93	1	2	0	0	1	-1	-1	100	1	1	1	1	1	1	1	1	1	1	1	1	1	1	1	1	1	1	1	1	1	1	1	1	1	1	1	1	1	1	#_143       
   94	1	2	0	0	1	-1	-1	100	1	1	1	1	1	1	1	1	1	1	1	1	1	1	1	1	1	1	1	1	1	1	1	1	1	1	1	1	1	1	#_144       
   95	1	2	0	0	1	-1	-1	100	1	1	1	1	1	1	1	1	1	1	1	1	1	1	1	1	1	1	1	1	1	1	1	1	1	1	1	1	1	1	#_145       
   96	1	2	0	0	1	-1	-1	100	1	1	1	1	1	1	1	1	1	1	1	1	1	1	1	1	1	1	1	1	1	1	1	1	1	1	1	1	1	1	#_146       
   97	1	2	0	0	1	-1	-1	100	1	1	1	1	1	1	1	1	1	1	1	1	1	1	1	1	1	1	1	1	1	1	1	1	1	1	1	1	1	1	#_147       
   98	1	2	0	0	1	-1	-1	100	1	1	1	1	1	1	1	1	1	1	1	1	1	1	1	1	1	1	1	1	1	1	1	1	1	1	1	1	1	1	#_148       
   99	1	2	0	0	1	-1	-1	100	1	1	1	1	1	1	1	1	1	1	1	1	1	1	1	1	1	1	1	1	1	1	1	1	1	1	1	1	1	1	#_149       
  100	1	2	0	0	1	-1	-1	100	1	1	1	1	1	1	1	1	1	1	1	1	1	1	1	1	1	1	1	1	1	1	1	1	1	1	1	1	1	1	#_150       
   26	1	3	0	0	1	-1	-1	100	1	1	1	1	1	1	1	1	1	1	1	1	1	1	1	1	1	1	1	1	1	1	1	1	1	1	1	1	1	1	#_151       
   27	1	3	0	0	1	-1	-1	100	1	1	1	1	1	1	1	1	1	1	1	1	1	1	1	1	1	1	1	1	1	1	1	1	1	1	1	1	1	1	#_152       
   28	1	3	0	0	1	-1	-1	100	1	1	1	1	1	1	1	1	1	1	1	1	1	1	1	1	1	1	1	1	1	1	1	1	1	1	1	1	1	1	#_153       
   29	1	3	0	0	1	-1	-1	100	1	1	1	1	1	1	1	1	1	1	1	1	1	1	1	1	1	1	1	1	1	1	1	1	1	1	1	1	1	1	#_154       
   30	1	3	0	0	1	-1	-1	100	1	1	1	1	1	1	1	1	1	1	1	1	1	1	1	1	1	1	1	1	1	1	1	1	1	1	1	1	1	1	#_155       
   31	1	3	0	0	1	-1	-1	100	1	1	1	1	1	1	1	1	1	1	1	1	1	1	1	1	1	1	1	1	1	1	1	1	1	1	1	1	1	1	#_156       
   32	1	3	0	0	1	-1	-1	100	1	1	1	1	1	1	1	1	1	1	1	1	1	1	1	1	1	1	1	1	1	1	1	1	1	1	1	1	1	1	#_157       
   33	1	3	0	0	1	-1	-1	100	1	1	1	1	1	1	1	1	1	1	1	1	1	1	1	1	1	1	1	1	1	1	1	1	1	1	1	1	1	1	#_158       
   34	1	3	0	0	1	-1	-1	100	1	1	1	1	1	1	1	1	1	1	1	1	1	1	1	1	1	1	1	1	1	1	1	1	1	1	1	1	1	1	#_159       
   35	1	3	0	0	1	-1	-1	100	1	1	1	1	1	1	1	1	1	1	1	1	1	1	1	1	1	1	1	1	1	1	1	1	1	1	1	1	1	1	#_160       
   36	1	3	0	0	1	-1	-1	100	1	1	1	1	1	1	1	1	1	1	1	1	1	1	1	1	1	1	1	1	1	1	1	1	1	1	1	1	1	1	#_161       
   37	1	3	0	0	1	-1	-1	100	1	1	1	1	1	1	1	1	1	1	1	1	1	1	1	1	1	1	1	1	1	1	1	1	1	1	1	1	1	1	#_162       
   38	1	3	0	0	1	-1	-1	100	1	1	1	1	1	1	1	1	1	1	1	1	1	1	1	1	1	1	1	1	1	1	1	1	1	1	1	1	1	1	#_163       
   39	1	3	0	0	1	-1	-1	100	1	1	1	1	1	1	1	1	1	1	1	1	1	1	1	1	1	1	1	1	1	1	1	1	1	1	1	1	1	1	#_164       
   40	1	3	0	0	1	-1	-1	100	1	1	1	1	1	1	1	1	1	1	1	1	1	1	1	1	1	1	1	1	1	1	1	1	1	1	1	1	1	1	#_165       
   41	1	3	0	0	1	-1	-1	100	1	1	1	1	1	1	1	1	1	1	1	1	1	1	1	1	1	1	1	1	1	1	1	1	1	1	1	1	1	1	#_166       
   42	1	3	0	0	1	-1	-1	100	1	1	1	1	1	1	1	1	1	1	1	1	1	1	1	1	1	1	1	1	1	1	1	1	1	1	1	1	1	1	#_167       
   43	1	3	0	0	1	-1	-1	100	1	1	1	1	1	1	1	1	1	1	1	1	1	1	1	1	1	1	1	1	1	1	1	1	1	1	1	1	1	1	#_168       
   44	1	3	0	0	1	-1	-1	100	1	1	1	1	1	1	1	1	1	1	1	1	1	1	1	1	1	1	1	1	1	1	1	1	1	1	1	1	1	1	#_169       
   45	1	3	0	0	1	-1	-1	100	1	1	1	1	1	1	1	1	1	1	1	1	1	1	1	1	1	1	1	1	1	1	1	1	1	1	1	1	1	1	#_170       
   46	1	3	0	0	1	-1	-1	100	1	1	1	1	1	1	1	1	1	1	1	1	1	1	1	1	1	1	1	1	1	1	1	1	1	1	1	1	1	1	#_171       
   47	1	3	0	0	1	-1	-1	100	1	1	1	1	1	1	1	1	1	1	1	1	1	1	1	1	1	1	1	1	1	1	1	1	1	1	1	1	1	1	#_172       
   48	1	3	0	0	1	-1	-1	100	1	1	1	1	1	1	1	1	1	1	1	1	1	1	1	1	1	1	1	1	1	1	1	1	1	1	1	1	1	1	#_173       
   49	1	3	0	0	1	-1	-1	100	1	1	1	1	1	1	1	1	1	1	1	1	1	1	1	1	1	1	1	1	1	1	1	1	1	1	1	1	1	1	#_174       
   50	1	3	0	0	1	-1	-1	100	1	1	1	1	1	1	1	1	1	1	1	1	1	1	1	1	1	1	1	1	1	1	1	1	1	1	1	1	1	1	#_175       
   51	1	3	0	0	1	-1	-1	100	1	1	1	1	1	1	1	1	1	1	1	1	1	1	1	1	1	1	1	1	1	1	1	1	1	1	1	1	1	1	#_176       
   52	1	3	0	0	1	-1	-1	100	1	1	1	1	1	1	1	1	1	1	1	1	1	1	1	1	1	1	1	1	1	1	1	1	1	1	1	1	1	1	#_177       
   53	1	3	0	0	1	-1	-1	100	1	1	1	1	1	1	1	1	1	1	1	1	1	1	1	1	1	1	1	1	1	1	1	1	1	1	1	1	1	1	#_178       
   54	1	3	0	0	1	-1	-1	100	1	1	1	1	1	1	1	1	1	1	1	1	1	1	1	1	1	1	1	1	1	1	1	1	1	1	1	1	1	1	#_179       
   55	1	3	0	0	1	-1	-1	100	1	1	1	1	1	1	1	1	1	1	1	1	1	1	1	1	1	1	1	1	1	1	1	1	1	1	1	1	1	1	#_180       
   56	1	3	0	0	1	-1	-1	100	1	1	1	1	1	1	1	1	1	1	1	1	1	1	1	1	1	1	1	1	1	1	1	1	1	1	1	1	1	1	#_181       
   57	1	3	0	0	1	-1	-1	100	1	1	1	1	1	1	1	1	1	1	1	1	1	1	1	1	1	1	1	1	1	1	1	1	1	1	1	1	1	1	#_182       
   58	1	3	0	0	1	-1	-1	100	1	1	1	1	1	1	1	1	1	1	1	1	1	1	1	1	1	1	1	1	1	1	1	1	1	1	1	1	1	1	#_183       
   59	1	3	0	0	1	-1	-1	100	1	1	1	1	1	1	1	1	1	1	1	1	1	1	1	1	1	1	1	1	1	1	1	1	1	1	1	1	1	1	#_184       
   60	1	3	0	0	1	-1	-1	100	1	1	1	1	1	1	1	1	1	1	1	1	1	1	1	1	1	1	1	1	1	1	1	1	1	1	1	1	1	1	#_185       
   61	1	3	0	0	1	-1	-1	100	1	1	1	1	1	1	1	1	1	1	1	1	1	1	1	1	1	1	1	1	1	1	1	1	1	1	1	1	1	1	#_186       
   62	1	3	0	0	1	-1	-1	100	1	1	1	1	1	1	1	1	1	1	1	1	1	1	1	1	1	1	1	1	1	1	1	1	1	1	1	1	1	1	#_187       
   63	1	3	0	0	1	-1	-1	100	1	1	1	1	1	1	1	1	1	1	1	1	1	1	1	1	1	1	1	1	1	1	1	1	1	1	1	1	1	1	#_188       
   64	1	3	0	0	1	-1	-1	100	1	1	1	1	1	1	1	1	1	1	1	1	1	1	1	1	1	1	1	1	1	1	1	1	1	1	1	1	1	1	#_189       
   65	1	3	0	0	1	-1	-1	100	1	1	1	1	1	1	1	1	1	1	1	1	1	1	1	1	1	1	1	1	1	1	1	1	1	1	1	1	1	1	#_190       
   66	1	3	0	0	1	-1	-1	100	1	1	1	1	1	1	1	1	1	1	1	1	1	1	1	1	1	1	1	1	1	1	1	1	1	1	1	1	1	1	#_191       
   67	1	3	0	0	1	-1	-1	100	1	1	1	1	1	1	1	1	1	1	1	1	1	1	1	1	1	1	1	1	1	1	1	1	1	1	1	1	1	1	#_192       
   68	1	3	0	0	1	-1	-1	100	1	1	1	1	1	1	1	1	1	1	1	1	1	1	1	1	1	1	1	1	1	1	1	1	1	1	1	1	1	1	#_193       
   69	1	3	0	0	1	-1	-1	100	1	1	1	1	1	1	1	1	1	1	1	1	1	1	1	1	1	1	1	1	1	1	1	1	1	1	1	1	1	1	#_194       
   70	1	3	0	0	1	-1	-1	100	1	1	1	1	1	1	1	1	1	1	1	1	1	1	1	1	1	1	1	1	1	1	1	1	1	1	1	1	1	1	#_195       
   71	1	3	0	0	1	-1	-1	100	1	1	1	1	1	1	1	1	1	1	1	1	1	1	1	1	1	1	1	1	1	1	1	1	1	1	1	1	1	1	#_196       
   72	1	3	0	0	1	-1	-1	100	1	1	1	1	1	1	1	1	1	1	1	1	1	1	1	1	1	1	1	1	1	1	1	1	1	1	1	1	1	1	#_197       
   73	1	3	0	0	1	-1	-1	100	1	1	1	1	1	1	1	1	1	1	1	1	1	1	1	1	1	1	1	1	1	1	1	1	1	1	1	1	1	1	#_198       
   74	1	3	0	0	1	-1	-1	100	1	1	1	1	1	1	1	1	1	1	1	1	1	1	1	1	1	1	1	1	1	1	1	1	1	1	1	1	1	1	#_199       
   75	1	3	0	0	1	-1	-1	100	1	1	1	1	1	1	1	1	1	1	1	1	1	1	1	1	1	1	1	1	1	1	1	1	1	1	1	1	1	1	#_200       
   76	1	3	0	0	1	-1	-1	100	1	1	1	1	1	1	1	1	1	1	1	1	1	1	1	1	1	1	1	1	1	1	1	1	1	1	1	1	1	1	#_201       
   77	1	3	0	0	1	-1	-1	100	1	1	1	1	1	1	1	1	1	1	1	1	1	1	1	1	1	1	1	1	1	1	1	1	1	1	1	1	1	1	#_202       
   78	1	3	0	0	1	-1	-1	100	1	1	1	1	1	1	1	1	1	1	1	1	1	1	1	1	1	1	1	1	1	1	1	1	1	1	1	1	1	1	#_203       
   79	1	3	0	0	1	-1	-1	100	1	1	1	1	1	1	1	1	1	1	1	1	1	1	1	1	1	1	1	1	1	1	1	1	1	1	1	1	1	1	#_204       
   80	1	3	0	0	1	-1	-1	100	1	1	1	1	1	1	1	1	1	1	1	1	1	1	1	1	1	1	1	1	1	1	1	1	1	1	1	1	1	1	#_205       
   81	1	3	0	0	1	-1	-1	100	1	1	1	1	1	1	1	1	1	1	1	1	1	1	1	1	1	1	1	1	1	1	1	1	1	1	1	1	1	1	#_206       
   82	1	3	0	0	1	-1	-1	100	1	1	1	1	1	1	1	1	1	1	1	1	1	1	1	1	1	1	1	1	1	1	1	1	1	1	1	1	1	1	#_207       
   83	1	3	0	0	1	-1	-1	100	1	1	1	1	1	1	1	1	1	1	1	1	1	1	1	1	1	1	1	1	1	1	1	1	1	1	1	1	1	1	#_208       
   84	1	3	0	0	1	-1	-1	100	1	1	1	1	1	1	1	1	1	1	1	1	1	1	1	1	1	1	1	1	1	1	1	1	1	1	1	1	1	1	#_209       
   85	1	3	0	0	1	-1	-1	100	1	1	1	1	1	1	1	1	1	1	1	1	1	1	1	1	1	1	1	1	1	1	1	1	1	1	1	1	1	1	#_210       
   86	1	3	0	0	1	-1	-1	100	1	1	1	1	1	1	1	1	1	1	1	1	1	1	1	1	1	1	1	1	1	1	1	1	1	1	1	1	1	1	#_211       
   87	1	3	0	0	1	-1	-1	100	1	1	1	1	1	1	1	1	1	1	1	1	1	1	1	1	1	1	1	1	1	1	1	1	1	1	1	1	1	1	#_212       
   88	1	3	0	0	1	-1	-1	100	1	1	1	1	1	1	1	1	1	1	1	1	1	1	1	1	1	1	1	1	1	1	1	1	1	1	1	1	1	1	#_213       
   89	1	3	0	0	1	-1	-1	100	1	1	1	1	1	1	1	1	1	1	1	1	1	1	1	1	1	1	1	1	1	1	1	1	1	1	1	1	1	1	#_214       
   90	1	3	0	0	1	-1	-1	100	1	1	1	1	1	1	1	1	1	1	1	1	1	1	1	1	1	1	1	1	1	1	1	1	1	1	1	1	1	1	#_215       
   91	1	3	0	0	1	-1	-1	100	1	1	1	1	1	1	1	1	1	1	1	1	1	1	1	1	1	1	1	1	1	1	1	1	1	1	1	1	1	1	#_216       
   92	1	3	0	0	1	-1	-1	100	1	1	1	1	1	1	1	1	1	1	1	1	1	1	1	1	1	1	1	1	1	1	1	1	1	1	1	1	1	1	#_217       
   93	1	3	0	0	1	-1	-1	100	1	1	1	1	1	1	1	1	1	1	1	1	1	1	1	1	1	1	1	1	1	1	1	1	1	1	1	1	1	1	#_218       
   94	1	3	0	0	1	-1	-1	100	1	1	1	1	1	1	1	1	1	1	1	1	1	1	1	1	1	1	1	1	1	1	1	1	1	1	1	1	1	1	#_219       
   95	1	3	0	0	1	-1	-1	100	1	1	1	1	1	1	1	1	1	1	1	1	1	1	1	1	1	1	1	1	1	1	1	1	1	1	1	1	1	1	#_220       
   96	1	3	0	0	1	-1	-1	100	1	1	1	1	1	1	1	1	1	1	1	1	1	1	1	1	1	1	1	1	1	1	1	1	1	1	1	1	1	1	#_221       
   97	1	3	0	0	1	-1	-1	100	1	1	1	1	1	1	1	1	1	1	1	1	1	1	1	1	1	1	1	1	1	1	1	1	1	1	1	1	1	1	#_222       
   98	1	3	0	0	1	-1	-1	100	1	1	1	1	1	1	1	1	1	1	1	1	1	1	1	1	1	1	1	1	1	1	1	1	1	1	1	1	1	1	#_223       
   99	1	3	0	0	1	-1	-1	100	1	1	1	1	1	1	1	1	1	1	1	1	1	1	1	1	1	1	1	1	1	1	1	1	1	1	1	1	1	1	#_224       
  100	1	3	0	0	1	-1	-1	100	1	1	1	1	1	1	1	1	1	1	1	1	1	1	1	1	1	1	1	1	1	1	1	1	1	1	1	1	1	1	#_225       
-9999	0	0	0	0	0	 0	 0	  0	0	0	0	0	0	0	0	0	0	0	0	0	0	0	0	0	0	0	0	0	0	0	0	0	0	0	0	0	0	0	#_terminator
#
#_MeanSize_at_Age_obs
0 #_use_MeanSize_at_Age_obs
1 #_N_environ_variables
0 #_N_sizefreq_methods
0 #_do_tags
0 #_morphcomp_data
0 #_use_selectivity_priors
#
999
